"MEdarkgreen" "MEdarkred" "MEdarkturquoise" "MEdarkorange" "MEgreenyellow" "MEsalmon" "MEblue" "MEpurple" "MEorange" "MEgreen" "MEgrey60" "MEred" "MElightyellow" "MEblack" "MEcyan" "MElightcyan" "MEroyalblue" "MElightgreen" "MEwhite" "MEbrown" "MEdarkgrey" "MEmidnightblue" "MEyellow" "MEmagenta" "MEpink"
"LH38_Z1_1" -0.0219101391631222 -0.0644063092428246 0.101802189896816 -0.037694145037723 -0.023079786299783 -0.0438404391565006 0.119699692499992 0.0905437078904636 0.0113276984492881 -0.0452993815436888 -0.0268757153484112 0.15005256472104 0.0310536073522056 -0.0168292444307878 -0.026982877413421 -0.012799353859667 -0.000888481508897548 -0.0678270308904511 0.287082841700191 -0.0287071596471874 -0.0220312669224086 -0.0192401248467132 0.0384820441993228 -0.0314051703016763 -0.0369167656840009
"LH38_Z1_2" -0.0127282822685043 -0.062526571700921 -0.0864287293098868 -0.0335547627585517 -0.0317649231982147 -0.0490218342333089 0.0907269171321522 0.0969208332445719 -0.0187281099252035 -0.0388435876622515 -0.0203303907508121 0.160519656063323 0.0898525910744475 -0.0154988110205602 -0.00976892669045537 0.00422925374396133 0.000404217202316604 -0.0891721663657949 0.0179096598279809 -0.0302943454782267 -0.010009454984946 -0.0219550196188679 -0.0668204453564539 -0.0372563727188687 -0.00574687558491949
"LH38_Z1_3" -0.00710112653399483 -0.0440319938377458 0.0768491559997796 -0.0420478995466457 -0.0312234401855591 -0.0401222762330845 0.106681716803161 -0.027998850650678 0.000116444893580961 -0.0474637726953946 -0.036221002906483 0.142028986030409 0.0392904912755171 -0.0165239799422163 -0.0237245876420946 0.00543941968458217 -0.00190095177386565 -0.0963836090247838 0.0345349463798525 -0.030008198382582 -0.0160454549199309 -0.0183454121761065 0.119441524048815 -0.0186650172251978 -0.0299197123931769
"LH38_Z2_1" -0.0279209845526836 -0.000202619327617514 0.117541851171308 -0.0264024248311241 -0.0272896632030033 -0.0482879129391891 0.035475204310437 0.120865643995839 -0.014837147396041 -0.0349543569651596 -0.0280876406721114 0.151588496922626 0.0295160238574391 -0.0194238212972992 -0.0254635246098084 0.0225861918905517 0.00691027639156336 -0.0630792128395413 -0.0538193171887874 -0.0358386666534368 -0.0230264866327073 -0.0258042580377446 0.0255465668785921 -0.0407105786778952 -0.111676387263217
"LH38_Z2_2" -0.00150405706867347 -0.0177192849833614 -0.0562576536168777 -0.0244370997417459 -0.0331627408588151 -0.0457537453023484 -0.00590919988110365 0.05548888147396 -0.0236248049501026 -0.0259637429263636 -0.0199697247168148 0.165870410795591 0.15248243637542 -0.0132049718592862 -0.00489932215955506 0.00171179937295163 0.00079544923231194 -0.0591281646915103 -0.0838259070677995 -0.033954647021183 -0.0169293532085569 -0.0162610043461106 -0.0697197110838062 -0.034331998911166 -0.0491157229741026
"LH38_Z2_3" -0.0183201012376682 -0.000306164831971852 -0.0471602254170768 -0.0202594317388606 -0.0308234528098652 -0.0519686022631598 -0.037430627011557 -0.0607752676000585 -0.0184551921491517 -0.0381118279357632 -0.0296471652178646 0.162458264375503 0.118545111140698 -0.0154285884051339 -0.0133562044313306 -0.0189558981860157 0.0142928407491099 -0.0586528795354719 -0.0887990967342359 -0.0319004776664766 -0.0210950454898132 -0.00998706970061724 0.172949895328539 -0.0226800000339288 -0.0519332333158488
"LH38_Z3_1" 0.00123811539851516 0.019263797654633 -0.0544532888395565 -0.00799712071071986 -0.0237720739862908 -0.0339881473886369 -0.0619952122905963 0.00499938581428553 -0.0166466384008505 -0.0271218467067286 -0.0127418213884811 0.170319684127206 -0.104770326524994 -0.00848925799353426 0.00330212544539101 -0.0815390894308666 0.0246791877639355 0.0811486022287895 -0.00344529834229237 -0.0338741331941404 -0.0139946409752188 -0.0155816829065299 -0.0877423421806121 -0.0212285935262416 -0.0141733228965574
"LH38_Z3_2" 0.0082575473785643 0.0301093938901641 -0.0181916912719892 -0.0237762552511319 -0.0221489767459709 -0.0233682342667131 -0.0432164112095233 -0.0530844637015255 -0.0249047675286502 0.00408720757153704 0.0509126715737553 0.138861533895791 -0.0295053419960551 -0.000334270484342774 -0.00796908311622132 -0.07508864234629 0.0208416494567778 0.0795089686302702 0.0221073929578423 -0.0325560543897124 -0.0204800488874014 -0.0144643162626529 -0.0629571563573477 0.00318309358573031 0.0425419822665733
"LH38_Z3_3" -0.0128462892481297 -0.0485197617421252 -0.0854045475472914 -0.0237688096285765 -0.0156040552546335 -0.0285621715042212 -0.0739545514292679 -0.104403315969945 -0.0233329858049482 -0.0356110016759802 -0.0193378433142872 0.160312114950594 -0.0797019347787107 0.00593068338229376 -0.00942319372441421 -0.105848665858799 0.0279548384237465 0.0781967084628485 -0.0330635245952191 -0.0228775008683896 -0.0222209504580707 0.00317396754822337 0.16818996998205 0.0111386254500368 0.081567331429799
"LH39_Z1_1" -0.0234178631322686 -0.0618975284973107 0.016775780334829 -0.0358497670532027 -0.0303571528323853 -0.0503282644727303 0.0611450878869272 0.0887118150719818 -0.00907470467471347 -0.0432183421519928 -0.020489198946973 0.147915083744182 -0.0160327185957568 -0.0193590815249591 -0.0212259379199209 -0.00156122623992209 -0.00072657473783348 -0.0602517845200878 -0.00720500159181882 -0.0318589410162155 -0.0246802775199808 -0.0216314912628265 0.00602264994320781 -0.0283964295874381 -0.0163519763187971
"LH39_Z1_2" -0.0131181521633862 -0.103193771309159 0.0219344620816979 -0.0288903595008264 -0.0309395502424137 -0.0462816619928761 0.083058125206654 -0.0395989678938568 -0.00769076239315105 -0.0471599186782541 -0.0215543127877352 0.147386918045552 0.0944596667531379 -0.0126650471863587 -0.00737063188011799 0.00434415803311645 -0.0142968837590921 -0.0823316398913728 -0.0291640984882464 -0.0279559143118212 -0.0184315177326319 -0.0138140506540543 0.066688846933973 -0.00730082835368122 0.0756624120016108
"LH39_Z1_3" -0.017993344688322 -0.0957542026356166 -0.0738285060810689 -0.035461314033028 -0.0356553851834358 -0.048686783872049 0.0178029953942278 -0.0613418109608564 -0.0253318212129251 -0.0467438346337017 -0.02477118177823 0.156215715037621 0.0696374933657311 -0.0202801242661226 -0.01114303345466 0.00761160887785612 -0.00426581225899383 -0.0785045264832089 -0.0794484490786399 -0.0288118677908543 -0.018203431608316 -0.0139319000246237 0.155099022406621 -0.011734778437626 0.043252210979603
"LH39_Z2_1" -0.0274825326021426 -0.00424338601911713 0.0362087782926661 -0.0295979473374677 -0.0309090336185873 -0.0578323639769109 0.00447489721841602 0.0888132538550456 -0.0220438437248267 -0.0394915151007905 -0.0208214550188872 0.144347530086228 0.0836567846394389 -0.0266848423591302 -0.0106506772045544 0.035307040349 -0.0072247969118009 -0.0337248142375323 -0.065951456841857 -0.0348183099808893 -0.0256770876899931 -0.0203369324700658 -0.0133143212370632 -0.0449380243453384 -0.0767944069898107
"LH39_Z2_2" -0.0238799292174586 0.0145077241026699 0.0225499016134405 -0.0334059295997586 -0.024166925192618 -0.0434044824091757 -0.0355332207401357 0.0578291889785069 -0.0205505520568406 -0.0339060709014438 -0.0178013924413036 0.150697346198471 -0.0126700602392647 -0.018893641980595 -0.00405849928895372 -0.0660304261961895 0.00371202268946355 0.0235129204903854 -0.0524359740197554 -0.030946606557008 -0.0235864651309186 -0.0146463950445388 0.00344709377837521 -0.022961298695144 -0.0326995961918615
"LH39_Z2_3" -0.0161494095185429 -0.0565615007079037 -0.103564826064578 -0.0287921964512293 -0.0318498571297962 -0.0506570199322406 -0.038617288279075 -0.0733807824746527 -0.0286928744907176 -0.0433678467128106 -0.0237344809678573 0.155357278015269 0.0283835769911215 -0.024136436036771 -0.00318989142325058 -0.00485350077313034 -0.00580090835368768 -0.0265875166957971 -0.0875576531510098 -0.035200125040497 -0.0279392898641226 -0.0200368921367845 0.0637529245022458 -0.0244879121640044 0.00353477739185133
"LH39_Z3_1" -0.0298815332473577 0.0715479876141539 0.0155452854246774 -0.0299164866368899 -0.0203363786988016 -0.0517397237755593 -0.0691645853247127 0.0564738520895331 -0.0105403268237387 -0.0319609495559439 -0.0200740104435507 0.150826149936956 -0.109089390502553 -0.0253643214580539 -0.00403795231704177 -0.0886880077046762 -0.000850423326695566 0.134847315241071 0.0458206669711165 -0.0344221466487877 -0.0294034942982346 -0.0184424919692128 -0.0381491775160753 -0.0319644110445203 -0.0523917797599294
"LH39_Z3_2" -0.0224612731166592 0.0566674999932454 0.00527099709523863 -0.0278834859405562 -0.0292726448895116 -0.0480105311045511 -0.0650987000388403 0.0500853368345515 -0.0262979186659587 -0.0346543676494545 -0.0223125609736535 0.147360174947934 -0.10895720288475 -0.0258544750917053 -0.00803155339379614 -0.076595708354655 -0.00279155030634006 0.0394561008693929 -0.0131759506808259 -0.0344543922888495 -0.0269243043121666 -0.029179650235508 -0.0214300837801098 -0.0377773679472293 -0.0376511800186535
"LH39_Z3_3" -0.0201086635375352 -0.00234970418540349 -0.065106509538089 -0.0283552584724869 -0.0284503180466 -0.0500383957020758 -0.093173447593221 -0.108575910695318 -0.0225672221194895 -0.0381885706755423 -0.0215978376010612 0.161320881562053 -0.13394591425252 -0.0219105635154584 0.00113387408403209 -0.0627340317815063 -0.00170538417692538 0.0515355824819982 -0.0101175583636923 -0.0365053442056818 -0.0294139798784162 -0.0160748150124693 0.095908377914231 -0.0140875707302553 -0.00927404383761312
"X78371A_Z1_1" -0.0145508920068635 -0.0806427582771632 -0.0770170391996466 -0.0197694743788724 -0.0323538715749025 -0.0641962967958359 0.0782294977830859 0.113405816523722 -0.0262674333340525 -0.0323281491300465 -0.0135914261473912 0.207504931376978 0.00583511858544415 -0.0225865851114669 -0.0161599745901905 0.0111540236415103 -0.00282976454896716 -0.0578704104966353 -0.0528304644263628 -0.0239313166282201 -0.0224037266028434 -0.0141771006248411 -0.0642060027272891 -0.0386102421447443 0.00292015603904439
"X78371A_Z1_2" -0.0138018067149568 -0.106078473631062 0.000771980056812158 -0.0187524246983034 -0.0240445366750929 -0.0492379366305391 0.0511885395776748 -0.00907152334329517 -0.0251238438316054 -0.0412209484304095 -0.008129635900274 0.199630978306684 0.1497968352994 -0.0135316991488545 -0.0134587429269068 -0.00471120117105103 -0.01416781704104 -0.05245741725104 -0.0454790477547459 -0.0174686254559042 -0.0243635420823015 -0.01013938326715 0.0986208585327161 -0.00932774095428263 0.123598708752816
"X78371A_Z1_3" -0.0243545194712597 -0.0830919381522942 -0.0613570754785684 -0.0192456854971923 -0.0284937333584686 -0.0562928236447452 0.0903111849301191 -0.0476417543184298 -0.0237102091262274 -0.0363498848052874 -0.00238990054198627 0.19772510772403 0.0467029717830686 -0.0123388658745462 -0.0110895328435142 -0.0137383604156791 -0.0248424475281586 -0.0344885562940516 -0.0181702014725842 -0.0154444864393342 -0.0176952128545215 -0.0032594140192645 -0.00218364715300457 -0.00757059109582192 0.0731800746321556
"X78371A_Z2_1" -0.026349039092485 -0.074458355559774 -0.101352372502591 -0.0210484275643053 -0.0190052333424846 -0.0565777592725999 0.00364586808170784 0.0442420783508738 -0.0299268964354627 -0.0346070707032158 -0.00109814543788652 0.198234846414555 0.0812891162470246 -0.0167643973244467 -0.00430897565142738 -0.0117464568702065 -0.0138228829454766 0.0260500538653325 -0.05958124556235 -0.0172356590012049 -0.018077042952522 -0.00579248230176187 -0.00759424702987287 -0.0134563887364419 0.108696777284637
"X78371A_Z2_2" -0.00690336159742403 0.0312776039153167 0.0531859138831984 -0.0267022160513439 -0.0249642592604016 -0.0536993331696859 -0.0563022189976712 -0.0256986008389565 -0.0240442886389586 -0.0325465730123233 -0.0175447222352578 0.196436313571121 0.0561868503763746 -0.0152622399204504 -0.0076588855414026 -0.0591164376535447 -0.00832318353238898 0.0452768437998085 0.0207446178626468 -0.0210162843506919 -0.0260657165174063 -0.0180166739526986 0.0110980799970355 -0.0349029643433819 -0.0562137575628248
"X78371A_Z2_3" -0.0285990794188946 -0.0454474486366298 -0.00899285849272053 -0.0186558160850331 -0.0181012405536277 -0.0526684849314098 0.00161455898919969 -0.0789244946501386 -0.0223567073349237 -0.0331000840966425 -0.00362905748417874 0.203148439771786 0.153106305432202 -0.0140551240958224 -0.00819390786867512 -0.0167277938602548 -0.0187259858644481 0.0850034641675834 0.0603038985941093 -0.0128525179172957 -0.0218975129685927 -0.0086828995561976 -0.014522235428064 -0.00307443011241612 0.0729641264300969
"X78371A_Z3_1" -0.0278536826318079 0.107943448415631 0.0822469038427974 -0.0279390745192449 -0.0176548308858984 -0.0498551489401839 -0.0337102209014952 0.0659468482674622 -0.014670494363745 -0.0202198883346 -0.00665720223988615 0.187274183178947 -0.0613100650594201 -0.0142985210287675 -0.0137504855288605 -0.0977397909560205 -0.0102542174038885 0.121143927156268 0.195119838810756 -0.0164950446964834 -0.0226777574919603 -0.0160566570477438 -0.00880966506142021 -0.0216833583498369 -0.0571899358570535
"X78371A_Z3_2" -0.0178640772486939 -0.0574753999364185 -0.0415829982986381 -0.00369752773400188 -0.00593680816768803 -0.0457937638232793 -0.0254065973131771 0.0123731814238226 -0.018777834060739 -0.0288672272684621 0.00634100541259058 0.224246728836838 -0.120439299377011 0.00130292396579503 -0.000469983798099599 -0.102604491088102 -0.00672847953673932 0.233369016934091 0.173561632638298 -0.0113315383582369 -0.0132760610153186 0.00220378411266216 -0.0387705251410953 0.00200929501615016 0.120955001685237
"X78371A_Z3_3" -0.038760737284804 -0.00857854980340902 0.00864589259840242 -0.009054237243665 -0.0148643559145854 -0.0459349189534014 -0.0266142868324839 -0.0777724213037567 -0.016573589547222 -0.0287060031275402 -0.0063767996271935 0.211805696210908 -0.0600804846845925 -0.00955485921987958 -0.000877812714252855 -0.0915101510919607 -0.0121008277466644 0.202976120926237 0.163042646357655 -0.0175354257236451 -0.0232598936679579 -0.0113709710155601 -0.0621310485361303 -0.00616556066052843 0.0388703434963703
"X787_Z1_1" -0.0279730564747611 -0.11989440213147 -0.158640252226088 -0.0211579420985483 -0.0328801835163813 -0.0367259647686405 0.149253252962741 -0.0769487906262904 -0.000783994254518993 -0.0365447806075383 -0.0083376900051187 -0.0139380442247643 -0.143327659262471 -0.00946032635374465 -0.0264248823174211 -0.0385388243992444 -0.0105350797432571 -0.0730443727943406 0.0517830345148071 -0.0109491193478563 -0.0289177456278232 -0.00803641551371418 0.117167296180319 0.292488399932507 0.155058574091169
"X787_Z1_2" -0.0399382204851366 -0.116695323515044 -0.0779696533742394 -0.0421432693616366 -0.0340477353450352 -0.042380132379976 0.141500592735476 -0.0946727763733275 0.0023250570886813 -0.0407443133655414 -0.0230457148968818 -0.0195273510687213 -0.0963319054572217 -0.0151116058764062 -0.0172680110541048 -0.0255642844759556 -0.0134041726023283 -0.083351083753045 0.0188984525436202 -0.0102047175685358 -0.0162900879375967 -0.0081058625527933 0.172876138084768 0.288807198954139 0.176195943792077
"X787_Z1_3" -0.0250551392518383 -0.0911794624137875 0.0201473979421799 -0.0301291231927164 -0.032943108618293 -0.0327186611959762 0.126904769763665 -0.0818905162687405 0.0070893632539807 -0.0352479696488047 -0.0178280328295868 -0.00751299321265755 -0.0652925877273836 -0.013132023076538 -0.00646888205834073 -0.0301624493081331 -0.00482286190342007 -0.0914975222863378 0.0326270360192182 -0.0170423155703772 -0.0159037180603412 -0.00404124215925502 0.108843849478878 0.249225120265239 0.0638487548567354
"X787_Z2_1" -0.0248363424531014 -0.0570853256197015 -0.138577865155673 -0.0295526721804178 -0.0219157748119052 -0.0395044523319609 0.0273266146645051 -0.114267372079662 -0.00649437969228193 -0.0226948884811764 -0.00636493504490099 -0.0127847950118484 -0.131717543313828 -0.00427560719624159 -0.0136942314405587 -0.0854527502146115 -0.0121931280896549 0.0720465007028428 0.0360351523217455 -0.00299130714652652 -0.00823432661007821 -0.00253244323318549 0.101099339385877 0.357453526496526 0.135849620232359
"X787_Z2_2" -0.0270845426123384 -0.0686933463343566 -0.0781241811511033 -0.0156451259455693 -0.0257749334982119 -0.0284037176080889 -0.0310775548743707 -0.146162659058754 -0.0142905335557983 -0.0312062147265907 -0.0202668159786573 -0.00530837711490078 -0.136045351980286 -0.0059327987232792 -0.00342909126252035 -0.0806682263578785 0.00122041947664893 0.0567260815542006 0.00449899882369377 -0.00815545800796112 -0.000504711177736404 0.00635694059709564 0.18276747915754 0.349516204554167 0.140906656559076
"X787_Z2_3" -0.0274244508839337 -0.0268860165979498 -0.0363533798546059 -0.0237805163808155 -0.0170297360862467 -0.0289639055920058 -0.0252763371091737 -0.119922699064426 -0.0142401548956016 -0.0246193649838472 -0.0219362821674135 -0.0045439764713826 -0.0155863226622066 -0.00285595234446486 0.00354834852386027 -0.0103184743765665 0.00512902258874529 0.029609408041737 -0.0128272238883783 -0.00676235081841059 -0.0035741569495244 -0.00349097482937333 0.123703616631443 0.296213427672583 0.0966241940318707
"X787_Z3_1" -0.0270071696656265 -0.0396170207844173 -0.222469129602257 -0.0377888702339297 -0.0226081368450448 -0.0450633190529157 0.00634852337452564 -0.0901363651973433 -0.0195369265688679 -0.0171651683506127 -0.0105003952308521 -0.00870908672150564 0.0118852260803649 -0.00205258440741095 -0.0145494732074761 -0.0356093208485141 -0.00516190915360089 -0.0380946209074927 -0.0196871752983392 -0.0117004430355586 -0.00887587450957968 -0.00854377394107128 0.0767131171141595 0.319850536617186 0.0741650225384999
"X787_Z3_2" -0.0150998175027889 -0.0468392184807059 -0.0514778865060628 -0.0241123239045036 -0.02245682523947 -0.0307205325249158 -0.0403953398324095 -0.146670638799708 -0.0187148745527841 -0.0237316220652269 -0.0161074476386389 -0.00750843088725054 -0.119947014468715 -0.00779623919077768 -4.98931990987006e-05 -0.110369108258826 -0.00111960852266527 -0.00627329595133239 -0.0288737451903517 -0.0106954155316222 -0.00999428737333882 -0.00123901198906395 0.145575339776158 0.313119505037764 0.105928488509941
"X787_Z3_3" -0.0250137871300911 0.0408975797735601 0.0892271062822546 -0.0237219225127568 -0.0233978477836884 -0.0346444731641966 -0.0372456155861033 -0.147542987230444 0.00325499100929209 -0.0150832515963837 -0.00794269872644561 -0.0105928100540669 -0.131800228427167 -0.0103126202965677 0.00582445643864133 -0.0807208863389985 -0.00879020837758476 0.0356721642913397 0.0831965625046514 -0.0164748440857894 -0.0102084771404241 -0.00482899776045566 0.13082366061997 0.321955930070712 -0.00124293220641211
"IB014_Z1_1" -0.0379990293037519 -0.0892375921417774 0.0656023171348972 -0.0323289695965573 -0.0340318660750378 -0.0409101913191248 0.0803699728945691 0.117963219393352 0.330008231671365 0.128855438075807 -0.0260954312801552 -0.0269658826507811 -0.146772701223781 -0.0238692881845202 -0.039862802419197 0.0410450727735677 -0.0172706868559924 -0.116732802359888 -0.00947767807268578 -0.0643786232769162 -0.0128335498544664 -0.0125998458020467 0.109287406901346 -0.0165426768722491 -0.0183777311851557
"IB014_Z1_2" -0.0285658580725805 -0.0478271214850902 -0.0069069068891809 -0.0308266536140989 -0.0331734973095235 -0.0397973785392972 0.0684495249420533 0.114205980533433 0.305126588279975 0.133579310852503 -0.026095158549695 -0.0256821887775562 -0.03443215215415 -0.0210805741763736 -0.034230292352711 0.00331797360849522 -0.019954168807213 -0.0987874501750618 -0.0373682509916141 -0.0597103873264616 -0.0229433269733983 -0.0186358633725296 0.0453596973531702 -0.0164547452094687 0.0039175997660819
"IB014_Z1_3" -0.037675856345615 -0.0874177727074252 0.0218209789172835 -0.0336814122692069 -0.0353526438934641 -0.0361415006430666 0.0967052454438557 -0.0497885566300936 0.318840746980004 0.103796461817437 -0.036040375642465 -0.0288447338865128 -0.0632136822112275 -0.0203342321334513 -0.0364804931851227 0.0868315224825625 -0.0334546860682205 -0.0779912821041128 0.017320666415219 -0.0532919899352456 -0.0155167802930689 -0.0109496112772694 0.158882774125172 0.0147233819689811 0.0924950461448783
"IB014_Z2_1" -0.0180065474913972 0.0324409570808781 0.156732150994194 -0.0321238940680508 -0.0318890850317417 -0.0356521260836647 -0.0393631074289989 0.120086587977256 0.339675021553748 0.149367276018145 -0.0246442156740729 -0.0316923568254961 -0.0265110145750683 -0.0161427177098879 -0.0363979853985314 0.0705811786012115 -0.021203012724118 -0.0526481400092213 -0.0756931500455904 -0.0647663408958334 -0.0175970226452766 -0.0191405924103671 0.0924491637548577 -0.0186014961626929 -0.0820208211991606
"IB014_Z2_2" -0.0465405842111949 0.0154116504170312 -0.0131260527618198 -0.0425049289584082 -0.0301231959944522 -0.0330977646883424 -0.0171984174227028 0.0863402913046429 0.296240501432416 0.137685026670523 -0.0288173097992415 -0.0266939368655204 0.0306954191781135 -0.0164012702115986 -0.0300303002370774 0.0926524935651214 -0.0206370678913177 -0.0283400945149149 -0.066841744309687 -0.0572348943582142 -0.0134107421765114 -0.0189094965690628 0.0740236162635048 -0.0083916803901121 0.0298367669658207
"IB014_Z2_3" -0.0329843569903392 0.0666424365612767 0.0963422117090818 -0.0395945630667963 -0.0271066825893854 -0.027620145559508 -0.0285471542900383 -0.0408662226298185 0.281100748520893 0.136160264721117 -0.0265001885014445 -0.027466483630936 0.0610713139017121 -0.0188822127724297 -0.039421417478541 0.0488830292207765 -0.021000337953904 0.0154466393678572 0.000831472781475172 -0.0684210925765414 -0.0110712957687104 -0.0155120100182917 -0.0235721726802502 -0.0246993912405016 -0.114647168500056
"IB014_Z3_1" -0.0522358296209017 0.0505161615473832 0.0946519871710243 -0.0376768960928305 -0.031199601612309 -0.0312918422508065 -0.0790611407223353 0.088427161233314 0.350479206864381 0.154202171826899 -0.0171953315367552 -0.0305146647782896 -0.0791302377536263 -0.0192348968799702 -0.0378547179747753 0.125275972973392 -0.0243340407080063 -0.0366592754736737 -0.0863664575789072 -0.0620109455317984 -0.013351674410539 -0.0310304878730122 0.114089514742075 -0.000975118912108473 -0.0313896117739133
"IB014_Z3_2" -0.0278462062159273 0.0626383318716497 0.0393231986946843 -0.0323564485905977 -0.0294857608163073 -0.0380147860899022 -0.0662351554403162 0.0740783333517289 0.320630327886969 0.15050782531941 -0.0214609152798466 -0.0283563439617107 -0.064237737343374 -0.0133128000117939 -0.0328312876448685 -0.0114680877517285 -0.00973168530223764 0.00688040107939799 -0.0594700175111484 -0.0601453602324499 -0.00847763311434404 -0.0259117524551404 0.0308609551835757 -0.0120538415584495 -0.0396558970457676
"IB014_Z3_3" -0.0233216324537482 0.0769955415543688 0.052201785863029 -0.0316775917295874 -0.0310660579263074 -0.0342781920907351 -0.0348385983496883 -0.0762512854439964 0.335790519773047 0.143053058078736 -0.0282108889138599 -0.0304730197115138 -0.0321352523192568 -0.0214263842316538 -0.0315728876096167 0.0427517080066439 -0.028488493561515 0.0180426434610818 -0.00886057200261453 -0.0614888322372423 -0.0123055967909911 -0.024412954148602 0.0267203311896771 0.00935079305558616 -0.0721100069855624
"PHN11_Z1_1" -0.0268861885831146 -0.00867411974641663 0.0315164838103786 -0.0409542814741704 -0.0377030815404744 -0.0361923428489857 0.120408074828319 0.124108457256006 -0.000477586980963594 0.129171298982181 -0.0134014920034155 -0.0408953619408934 -0.0687062468786229 -0.0382781104599457 -0.0267105430396079 0.0556100141528483 -0.0183149788927923 -0.0825321642471268 0.131434085215303 -0.0574180657237405 -0.0103942518427274 -0.0295640957967622 -0.0416214574755845 -0.0480791121191287 -0.0660532573608058
"PHN11_Z1_2" -0.015933152459971 -0.0486082997592274 -0.0659471091037781 -0.036623031981976 -0.0305834821311279 -0.0406771346446259 0.059852029028868 0.103964083884413 -0.0037962245630914 0.155685050685136 -0.00889047976631491 -0.0402625113088667 -0.0543591609491053 -0.0305279888086231 -0.0249684774308491 0.0644867917293676 -0.00619270050139791 -0.0307841736132734 -0.0381602873024172 -0.0591315010472431 0.00118917160584039 -0.0304671330804207 -0.0446017063456111 -0.0422923128052874 -0.0189721549395816
"PHN11_Z1_3" -0.0241037265700419 -0.0156565026578281 -0.0414858537906034 -0.0369268309635163 -0.0403325065628389 -0.0343973186235552 0.0551611253261228 0.0175547492816323 -0.0170166795065686 0.142069003414297 -0.0163918736075581 -0.0442307842841411 0.0375099460846766 -0.0397714035880885 -0.0281055323178511 0.104642594633079 -0.0231962276283612 -0.0890065140445575 -0.0775701455488132 -0.0618267751055554 -0.00320054480004225 -0.0305655482493942 -0.0910265487067404 -0.0532789059553967 -0.110194113990523
"PHN11_Z2_1" -0.0386327376184819 0.0560061257711586 0.0652744811430606 -0.0370837226301146 -0.0291568711910109 -0.0298592526163339 -0.023875996325996 0.148637493758565 -0.00209643094548417 0.177716318764423 -0.00403550020370742 -0.0420934173807951 0.00431483739184157 -0.0258990207843315 -0.0229817955433087 0.103547001765013 -0.00812714320463401 -0.0358268150999864 -0.0592975980124136 -0.0628185545520757 0.00354133258060423 -0.0284636206469292 -0.0533098303880782 -0.0357271447544652 -0.0893170333329069
"PHN11_Z2_2" -0.0316545365667086 0.0914844690679319 -0.0168790268530401 -0.0371398301898405 -0.0247569301685982 -0.0337015361885671 -0.0447908941042909 0.0538767456012764 -0.0104573948487834 0.172531973952397 -0.00682376574288544 -0.0404516212258458 0.0210487947082251 -0.0276808294651106 -0.021745025587416 0.0687772197622752 -0.0145208669786961 0.0401994924288398 0.0206337893992626 -0.0561165319614792 -0.00170319871843759 -0.0258551912184197 -0.0309802603410632 -0.0249969564850131 -0.0368007843335878
"PHN11_Z2_3" -0.0260577332216318 0.0564413758519747 0.0118945672644181 -0.0304338717715706 -0.0262824547090114 -0.0240849130620188 -0.0293966367509108 -0.0458787425367249 -0.011242488141434 0.154531097425148 0.00182045630793939 -0.0411268218463378 0.0836938988755633 -0.0334022722276088 -0.0203748509805663 0.0686208781618427 -0.0109590013316979 0.035012868788424 0.00539558836528591 -0.0611812039517637 0.00208499547867398 -0.0314340244059531 -0.0897646218218735 -0.0375841096823388 -0.113741867138159
"PHN11_Z3_1" -0.0332235540069349 0.101152018476246 0.0202384850638698 -0.039990953929179 -0.0249989086514999 -0.0301487274955437 -0.0516808553330733 0.128140976516966 0.00485482360017912 0.178334192904536 -0.010155886658239 -0.049540020642392 -0.0429744792417095 -0.026988655439934 -0.0231310398534585 0.094162350050174 -0.0163814311256157 -0.0208154949340277 -0.0755251216422893 -0.0609686348964329 0.0034657964798544 -0.0352796096103858 -0.0608720477524042 -0.0295627238681515 -0.0743075902917178
"PHN11_Z3_2" -0.0173851314629734 0.0596706854875395 -0.0310198533448347 -0.0403238949617401 -0.0261418158837088 -0.036160132579103 -0.0934741448620232 0.0509233224009927 -0.0106609378579008 0.175675142572384 -0.00518044872016905 -0.0422076637006712 -0.00410259933573737 -0.0194605092883453 -0.0189600549268225 0.0436785513493708 0.00147543771619465 0.0119618443729848 0.0171947246682939 -0.0606241380394083 0.00444079678115986 -0.0357912345206925 -0.0267181174465201 -0.0323911506115187 -0.0499096256728524
"PHN11_Z3_3" -0.0229982091568483 0.0418898659883658 0.120923275198154 -0.0343256154078722 -0.0275998600875536 -0.0240201724053565 -0.073435851330334 -0.088216080728455 0.0024287190356222 0.168736834445553 -0.00328348317055976 -0.0394611016488351 0.0064601156932408 -0.0225586772531327 -0.010263187183402 0.0785319215204596 -0.0107053822452243 0.00714549450453195 -0.0171788944319039 -0.0618100102229437 -0.00561816287557886 -0.0283154769859063 0.0318353424468406 -0.0134532296313585 -0.0698206457786598
"PHJ75_Z1_1" -0.038826708749689 -0.0770874865975727 -0.0422781663186386 -0.0279895392287913 -0.0345225376261149 -0.0431227240132174 0.101160940819264 0.104664478458422 -0.00706626128540397 0.139594386296073 0.328386880446742 -0.00714971546330352 0.0393237757902053 0.00626234402447704 -0.0282098443974485 0.0681615189651906 -0.00489006533136816 -0.09707971633844 0.0337337356314301 -0.0541327234489544 -0.0202337429911465 -0.0210170675035435 -0.0852922249074946 -0.00760136980211569 0.00321162003285527
"PHJ75_Z1_2" -0.0195566783181744 -0.0712476058532965 -0.105469474008058 -0.0324735408038705 -0.0371389794365792 -0.0438486907511326 0.12134108946045 0.115641639612002 -0.00652580840523662 0.136318554332926 0.301650226339421 -0.0123954848046256 -0.068604527355323 0.00299384889857705 -0.0286407212384447 0.0433052277964031 0.00676371188290756 -0.0813574976576581 0.115561128506187 -0.0526809070130949 -0.0179029009528109 -0.0175622437593515 -0.0899790646898836 -0.0153478780395898 0.0194510425813857
"PHJ75_Z1_3" -0.00668157447112016 -0.0515110539901652 0.0429412659320593 -0.0281390340761321 -0.0383538547323532 -0.0355665755660968 0.0450435855665325 -0.0678338903601919 -0.00140305515931266 0.12323405814131 0.306472624465528 -0.00206113151766772 -0.0274172930329344 0.0163690761716606 -0.0296652287133364 -0.00575745899290113 -0.00682651631511675 -0.0854002619924852 -0.025764041313105 -0.0511812377176373 -0.0166220266894148 -0.0179801941553333 0.0381252392176907 0.00821278392195407 -0.0001173494591917
"PHJ75_Z2_1" -0.043551013265782 -0.00372811100704622 -0.0976959324738569 -0.0183220931637833 -0.0332453444113913 -0.0481387807957849 -0.0186046183493807 0.119734902167931 -0.00653394557895659 0.159060986602499 0.359478124415134 -0.0127965754697183 0.0224198895752193 0.0105815780476191 -0.0263928485156752 0.0317547669862347 0.00703476194270666 -0.0369170335537809 -0.0810777037617931 -0.0519195845293559 -0.00945415082549781 -0.0203224277518163 -0.10278810361418 -0.00211780011531898 -0.0197254899657358
"PHJ75_Z2_2" -0.0212555838928855 -0.0340531461919626 -0.117021871410583 -0.0263284144028684 -0.0394171736182089 -0.041984851655975 0.00139750027464872 0.100621983734727 -0.0127193992395593 0.144918596778523 0.335839131860264 -0.0141229336604089 0.0912175017620339 0.00773046350146392 -0.0226128640272066 0.0519511496305416 -0.000255091037853337 -0.0549909217078436 -0.0857585728437407 -0.0564500085033538 -0.0160809943725572 -0.019570708083509 -0.0877628851011923 -0.0141889369572767 0.0167811754622008
"PHJ75_Z2_3" -0.0119285463845025 0.0913370707380222 0.0410696307991929 -0.0137602824639352 -0.0192939574672475 -0.0241538792863162 -0.0428038928554725 -0.0218570591130892 -0.00886578825574117 0.132588489580202 0.259518979997968 -0.0166402701905781 0.037635874406233 0.000970246106660687 -0.00257727030629626 -0.0223818105216429 -0.0077289174259631 -0.00620594804870389 -0.0403603591278887 -0.0502591273575968 -0.0205358928907863 0.00606083914361859 -0.0756264789323873 -0.00566185803980186 -0.0834956599544991
"PHJ75_Z3_1" -0.0278633718543039 0.126040889340353 -0.0189437125141558 -0.0249299323075435 -0.0357273359768828 -0.0422083634131994 -0.0695170913472892 0.117587485827099 -0.0165712793698293 0.159796380070856 0.296686788994091 -0.0154419928916939 -0.0389883603743018 0.00157020121626293 -0.0214541953409526 -0.0646955099587684 -0.00152709858540489 0.00974684125796874 -0.0164567264884451 -0.058916482025747 -0.0140509779603543 -0.0237463846754293 -0.119032610880871 -0.0162448683330681 -0.106083002814022
"PHJ75_Z3_2" -0.0123734973534108 0.0702213734271157 -0.0761977211655504 -0.0282366054772478 -0.0384075875340943 -0.0371218760420852 -0.0603474353378603 0.0798358493974566 -0.0179753216021963 0.163768779972512 0.340897131008808 -0.00748395412542849 -0.0598005470777996 0.00501220949951019 -0.0258646342101546 -0.0558962555805241 0.00456775717571356 0.0162431818164447 -0.0396234226718955 -0.0625212924198378 -0.00333961260971176 -0.0204809526434415 -0.1194463701461 -0.00685665205157046 -0.0231259202126246
"PHJ75_Z3_3" -0.00402590862572981 0.0587792944360601 -0.00240039364399117 -0.00643170360765128 -0.0265522710771626 -0.0300603868984337 -0.0671567636552542 -0.0394925404782528 -0.0189370706605256 0.149770902007499 0.340647696140228 -0.0116371595011053 -0.0418010421712497 0.0153782950622085 -0.00903855037640372 -0.0503014476127195 -0.00285016275853805 -0.00674933298691435 -0.0449722779050775 -0.0464416638009874 -0.0168877878134038 -0.00774080541834076 -0.111862503786059 0.0204560915931236 0.00232896519435069
"PHM10_Z1_1" -0.0289329180674358 0.00662043203983129 0.00871075545060349 -0.0130708784113203 -0.0205460227141903 0.015895257916194 -0.0593580882417953 0.0662506753959218 -0.0238374834012346 0.148007230271386 -0.0151131036683711 -0.035325627023098 -0.00841231582927683 -0.0150348160570256 -0.0351430146236298 0.0825626084432119 -0.0145428651761623 0.0207437041403018 -0.0367374671222639 -0.0664425993729861 -0.0280794289167182 -0.0211357236024659 -0.00518872893499028 -0.0236773831181612 -0.00561916878357057
"PHM10_Z1_2" -0.00989151530126241 -0.0585485204650682 -0.0367377231547072 -0.0280888848456042 -0.0255845537041134 0.0105578780515567 0.109625745365563 0.0281196823906808 -0.0182995676240287 0.121000035475947 -0.00469961065918958 -0.0349647372059702 0.0217190467584291 -0.0246942715644148 -0.0378284864156559 0.0698281509142807 -0.0295101609911815 -0.0950879133986327 0.0130607561726228 -0.0601447334958183 -0.0314446812908427 -0.0212479012115015 -0.0833934648197023 -0.0224535052197557 0.0241344413464033
"PHM10_Z1_3" -0.0265310166780843 0.0288429399579631 0.0610354646851399 -0.00671221137927469 -0.0286176026622427 0.0206601289424734 -0.0301400578577529 -0.0523669888077361 -0.0275441156719814 0.133741191596872 -0.0155740813328089 -0.0395471091103984 0.0488618872822255 -0.0193051697536627 -0.0397203873019772 0.103150756030136 -0.0239271749342117 -0.055766212634262 -0.0996406927007537 -0.0621205788761161 -0.0242524716941304 -0.021713590898152 -0.00483846126625257 -0.0298259304956008 -0.0698026688671881
"PHM10_Z2_1" -0.0193138728666207 0.0517042437904624 0.00351702388529902 -0.0165411599365244 -0.0238196042758961 0.0171315945724027 -0.0675835748272013 0.0352939523219193 -0.0384421273349754 0.145979145559294 -0.00739944474620774 -0.0304481110947019 -0.0846620235532128 -0.0148068784962796 -0.0327608812862065 0.0602074924983683 -0.0222692312913957 0.0498870603879347 0.0156018790045048 -0.0669180452652154 -0.0321179876285273 -0.0204781518213153 -0.0332954782268457 -0.0263883734042344 -0.00918402441700104
"PHM10_Z2_2" -0.0174414989032316 0.00716467370256863 0.0254953926542938 -0.0122670680430638 -0.0280221443290449 0.0174175082935586 0.000399386530876825 0.0114622273629202 -0.0266716162782389 0.146465750122409 -0.00628801560243885 -0.0393921737731844 0.0327838416459713 -0.0230636047362805 -0.0367324489715752 0.0849152681244085 -0.0158176280258194 -0.0620364952576824 -0.0452523035748335 -0.0718959075674394 -0.0331237047637546 -0.028027435764551 -0.0668531642455048 -0.0303409023383039 -0.0556789225482887
"PHM10_Z2_3" -0.02959558190719 0.142390038391665 0.0494435769553455 -0.00886006726484468 -0.0274573545969432 0.0143075328005142 -0.0726277322597834 -0.087143486310963 -0.0166235752257047 0.150898858133873 -0.0149675574458858 -0.039003850410394 -0.0895807495274588 -0.0127159165638569 -0.0405420072969813 0.0757474857065331 -0.0224061333275335 -0.0234055167551258 -0.0846183175659958 -0.0654478556759426 -0.0204328813517482 -0.022097452243799 -0.0284871225154259 -0.0184682982071835 -0.0521507519728544
"PHM10_Z3_1" -0.0134194921772018 0.14079232957101 -0.0259224501608296 -0.0227905644879274 -0.0267888449070864 0.0137283549980297 -0.0860494272917826 0.0254965521812175 -0.0342389903900715 0.142324997738247 -0.00334191456216746 -0.0333106263411762 -0.0914320838155545 -0.0183122345193692 -0.0370457184696774 0.0234815125887185 -0.0240175295949959 -0.00113416092384608 -0.0358183563487436 -0.0693260161782001 -0.0277694268863261 -0.0257741727097971 -0.0691247342781257 -0.0322334775918015 -0.0324795433485477
"PHM10_Z3_2" -0.00870695913153341 0.16466956112499 0.111855001931082 -0.0107977581846667 -0.0246249817317917 0.0311740094780739 -0.0842001560863585 -0.061369063097833 -0.02364454051655 0.14505626441541 -0.00619102341152981 -0.0422224816759621 -0.0478098353257116 -0.0190248304599303 -0.0394260031054286 -0.010115720809529 -0.0189981260930023 0.00915667454361975 0.00958430260236703 -0.070803670171649 -0.0276985679133024 -0.022623779132759 -0.0544557689197967 -0.0190056560754885 -0.096597201207633
"PHM10_Z3_3" -0.0279970996210644 0.218722061204128 0.0885220309896932 -0.00488323638504324 -0.026077012283866 0.021312465676361 -0.110663827130939 -0.0861480753573779 -0.0251339455502315 0.147842878992781 -0.019878963226902 -0.0425303311985257 -0.0974201032960453 -0.0260683408056518 -0.0405611042768113 -0.0360311700923529 -0.0176585609303917 -0.0235237587721291 -0.084964521045243 -0.0662925593631013 -0.023535245176751 -0.0315230609496568 -0.0510045203800499 -0.0251324231850561 -0.130763547648407
"LH205_Z1_1" -0.0411662376580305 -0.0737034706659372 -0.0781288200614316 0.0317190512600281 0.212852559247657 0.154672750684013 0.0325995972319499 0.0609340841171294 -0.0272066531788761 -0.0547852610553294 -0.033818069296335 -0.0570412261758624 0.0894564979844487 -0.0438212316847894 -0.0246873751575419 0.0267465559783197 -0.0252096985357559 -0.042080741850898 -0.0697744598967889 -0.0609613528990831 -0.0249022674292026 -0.0308211168607414 -0.0596839291604123 -0.0467160727422775 0.0346187052579823
"LH205_Z1_2" -0.0275464177190112 -0.0791592651985319 0.0101778593585912 0.0175584438500705 0.212028661192986 0.16446260742593 0.0553729016062648 -0.0475018309033569 -0.0198868775738535 -0.0631142189916044 -0.0311632837137314 -0.059464567142562 0.14260298381482 -0.0420398210863929 -0.0314389114325983 0.0896240009552356 -0.0363215247588316 -0.0094869541884949 -0.0183131878019022 -0.0549767293774429 -0.0238185834564571 -0.0261684114966746 -0.00830523073480128 -0.0233338883619121 0.0691895129494622
"LH205_Z1_3" -0.0321927010559707 -0.0894950562617459 0.00682164084871183 0.0292343357610361 0.17830511383163 0.134174948398618 0.133066910997787 -0.0291615478510833 -0.0118742030527366 -0.0628955513176799 -0.0389790813014778 -0.0553898730304092 -0.082810080498617 -0.056035695103203 -0.0356699674498316 -0.0230547747770903 -0.042065278248951 -0.101820809748153 0.0455574890873509 -0.0587814349335404 -0.0486831061727748 -0.041783232992836 0.0104941158598359 -0.0301224204823766 0.00852519896857299
"LH205_Z2_1" -0.0439763967400554 0.132767960080459 -0.00671273966585856 0.0293220665345156 0.213123773214452 0.141652852887732 -0.014065635665114 0.0949495007715346 -0.027524279345507 -0.0448332908755813 -0.0432668590998802 -0.0588453733556644 0.00130665032181263 -0.0480261991637549 -0.0326918029494008 -0.0592738723134281 -0.0271949023889809 0.0337962262827487 -0.0016507711685541 -0.0597736566497668 -0.0376704122310309 -0.037210140675108 -0.0610738791888602 -0.0404441530653228 -0.125048566555591
"LH205_Z2_2" -0.0331349277179913 -0.0346584020332651 -0.110818086142967 0.0294975974760126 0.232691157746468 0.165117265922257 -0.0267257557696742 0.0279547579423695 -0.0279600587715144 -0.0530367408109474 -0.0352048889546565 -0.0587198264450268 0.0276755410520782 -0.0405641337448891 -0.0244515026618687 -0.0315188659329134 -0.0185023349703935 0.0486764422361621 -0.0539605105357834 -0.0601074152674803 -0.0178011102125279 -0.0313432766512369 -0.081042932452802 -0.0267625506289897 0.0617391039147395
"LH205_Z2_3" -0.0367220210980399 0.0348938859233166 0.0989039167449578 0.0496724283418201 0.23088157862927 0.168037056875489 -0.0470168777714759 -0.0695130497002912 -0.0197952336843792 -0.0529494429446857 -0.0360717641968877 -0.0595327840589914 0.0385948771165865 -0.0430897459178202 -0.0257614848189706 -0.0277037920541593 -0.0286298792651079 0.0767653555995621 0.041529312947152 -0.0599835233575567 -0.0371396077782641 -0.033793780534422 -0.00847042473665617 -0.0287612783959446 -0.0351030026281911
"LH205_Z3_1" -0.0531557050245133 0.171511015719243 -0.000763273420771108 0.0324253774565687 0.211511868064435 0.133493453497531 -0.0660604003879287 0.0920977556243003 -0.0222212217603903 -0.0394322164142981 -0.0431619875220385 -0.05542719031021 0.0177487973607037 -0.0436118924625355 -0.0294283728705347 -0.0720364221674855 -0.0215063746840205 0.0891407569222752 0.0899042672855094 -0.0587153344130574 -0.0420923847443108 -0.0340278884502251 -0.0636931345294719 -0.040629337962086 -0.139315447943932
"LH205_Z3_2" -0.0286903186203028 0.00958384970088531 -0.101391940986784 0.0353032062706633 0.232922736016474 0.168140522321553 -0.0593402734477779 0.00426912678639408 -0.0370862334183658 -0.0515583374274807 -0.0340687927186149 -0.0565154641753728 -0.0256166060327929 -0.0393470604155864 -0.0200181334838656 -0.0281231545462017 -0.0273767258566262 0.0839257265981649 0.0721190278356759 -0.0584220379372328 -0.0193272860065165 -0.0253352192178706 -0.0938500301921647 -0.0287984646029682 0.0573201132689783
"LH205_Z3_3" -0.0303799828583207 0.102343609090601 0.1391147936551 0.0448879798657735 0.218756046293504 0.163941372702518 -0.0752183291713722 -0.0807266936741576 -0.0215592111967571 -0.0531402152726606 -0.0365340022223057 -0.0581939120835548 0.0604040668095125 -0.0449942761469689 -0.0284427014450035 -0.0502257596013595 -0.0277868091616017 0.0312555861195772 0.0320110544836235 -0.063068704109634 -0.0385846915124056 -0.0429566916871322 -0.00807630359527063 -0.03679185841306 -0.0877424860956848
"PHW51_Z1_1" 0.301033553819683 -0.081644641202752 0.01419102079694 -0.0203477278583917 -0.0475762504526695 0.140182296099443 0.0924343339596809 0.0585471224657126 -0.00497675171641809 -0.034672348900392 -0.0234250931487561 -0.0400088507294331 -0.0083542387266968 -0.0231487453521806 -0.0274179264436829 0.0350914700091241 -0.0339294184672755 -0.0673383027715123 -0.0266207016005946 -0.0241326642119852 -0.0193474324967761 -0.0111279346062485 -0.0085430090870562 -0.03550241081577 0.0467126136158006
"PHW51_Z1_2" 0.330696390589076 -0.0319695200401704 0.0648599282835975 -0.0182716271970223 -0.0473731030884136 0.153509690821069 0.0472648600661295 -0.0295399873892964 -0.0142304020232623 -0.0331641926684944 -0.0212712475705389 -0.0381397279568283 0.123470257272796 -0.0223595471810581 -0.0206305669080797 0.0310372942974628 -0.034180604436311 -0.053538257237872 -0.0425749250869228 -0.0296836883442404 -0.01259477115034 -0.0114446910065866 -0.0468007087637589 -0.0356025832548672 -0.0330350514126148
"PHW51_Z1_3" 0.316539493360492 -0.0665793038815033 0.123713894777512 -0.0157475860908458 -0.0473185650582821 0.14566633771906 0.0680675867945329 -0.063377651601318 -0.00406401348370661 -0.0377556113899824 -0.0225274249283827 -0.036171939643317 0.0661291392670423 -0.0240905155532715 -0.026087131569278 0.0211450544982293 -0.0345567975977443 -0.0754704119813113 -0.0117064954078954 -0.0267955443592192 -0.0119604164255183 -0.0125147072784471 0.0388090482395337 -0.0354505149666878 0.011006785342794
"PHW51_Z2_1" 0.288506715720335 -0.046724012957214 0.0206375883889576 -0.0168473710547391 -0.0447422579884811 0.131558449577191 0.0211489341830372 0.0142040000613417 -0.000715415183973158 -0.0316479013671633 -0.0109042084412611 0.0124599063392235 0.100273452634254 -0.017124518311294 -0.017652543875785 0.0405135234789831 -0.0311407145069857 -0.000120909932240724 -0.0534455960334589 -0.0220890110841238 -0.00987759354348066 -0.00288379936883635 0.0116745103752971 -0.0186870131672017 0.0462710200044864
"PHW51_Z2_2" 0.343197571327241 -0.0259358861232754 0.0846325291698174 -0.0148845627037712 -0.0469441137691453 0.165325924837092 0.0078408567304376 -0.0841023718492809 -0.0100465394617916 -0.0294751919951463 -0.0160228645291745 -0.042282900533772 0.123155440701012 -0.0174680284782776 -0.0190100727151817 0.0330785287218993 -0.0308636506203898 -0.0422063312715526 -0.0539206890603105 -0.0337844090578589 0.000144585858490064 -0.0155384510702372 -0.0621271598752384 -0.0349723091024257 -0.0326329276379949
"PHW51_Z2_3" 0.323294504949573 0.0493697095201207 0.100225934508552 -0.0182885902437442 -0.0404422399997403 0.151091854498942 -0.0268721369070376 -0.104733700936579 -0.0104541971895071 -0.0286906517886512 -0.0127063953487702 -0.0383769270451981 -0.0262188349692939 -0.0149474780089905 -0.0136140420240559 -0.0145068751411937 -0.0300642547729553 0.0572091782987395 0.0290775253805388 -0.023751619751147 -0.0130660362922206 -0.0101358849312252 0.0258513125945646 -0.0209628219765994 -0.016152240866413
"PHW51_Z3_1" 0.315764438420241 0.0223972116684106 -0.0276529406680783 -0.0238815617184938 -0.04113628731029 0.159142993641252 -0.0355462160653473 0.00779135657486272 -0.018412743592391 -0.0230330506413487 -0.015844233297865 -0.0353449732473223 -0.119346588968265 -0.0170559560473871 -0.0105061338770111 -0.0573587929149331 -0.0324777252904944 0.109718187347421 0.0199744088614694 -0.0319281359322382 -0.0125074803914042 -0.015274199082714 -0.0971576412570764 -0.0282550050505226 0.0353792425326437
"PHW51_Z3_2" 0.314993275905709 0.0292933978220078 0.0544224868172608 -0.0215176212818789 -0.0461887434819566 0.166226448412616 -0.0517108735911678 -0.100318747055457 -0.0288608508802351 -0.0247125400534428 -0.00718519545735755 -0.041259199767382 -0.0100204115533751 -0.0105423763513332 -0.0104532593103477 -0.05884461734173 -0.0185679682314398 0.0473410548144915 -0.00517995912839034 -0.0352530509363753 -0.00219389173351751 -0.0168664184584998 -0.0973092309222423 -0.0266370638767079 -0.0120233073046817
"PHW51_Z3_3" 0.32092617506772 0.0633017203739951 0.05147251550827 -0.00716802526769265 -0.039897206472733 0.152465180291833 -0.065259762587455 -0.106203027863463 -0.0215660859815124 -0.0256271532799732 -0.0105480133711921 -0.0320497123145687 -0.087894037757409 -0.00917443583250621 -0.00815541578394125 -0.0461869470397316 -0.0307149802378855 0.0934425896194777 0.0730142190107066 -0.0275421049055776 -0.00649577483518662 -0.019039363804331 -0.00943196932420178 -0.0151982855869199 0.0180000342250885
"B73_Z1_1" -0.0510216495080588 -0.0887607658495234 0.0664964731478574 -0.0382689255108826 0.190640645184583 0.0983454244260136 0.162818593888741 0.0898451330606476 -0.0177408661548368 -0.06903045147615 -0.0437236432521458 -0.0472792784349573 -0.104315480510795 -0.0609034126805003 -0.0480646266056225 0.0251009818533529 -0.045689500407202 -0.10530455345459 0.197804094675274 -0.0489953045443238 -0.0442972161703014 -0.0248897223080926 0.0286359890043027 -0.0451445681442074 0.0151133111284301
"B73_Z1_2" -0.0162608301403702 0.00614461996179492 0.0528994660557044 -0.0319634622095742 0.181655586485653 0.111313040518874 0.0761471989204837 -0.0150595895688512 -0.0292408800182321 -0.0632209478550946 -0.04157445366208 -0.0471429021051892 0.046580436053677 -0.0615028884059508 -0.0486161955137499 0.0617046303466068 -0.0454769498647527 -0.0649683799456916 -0.0353880104300677 -0.0533002436610067 -0.0401216572727198 -0.0246772706354065 -0.0508401686634314 -0.053927399536926 -0.0716296782103276
"B73_Z1_3" -0.0387024533173157 -0.00855678501408528 0.0752984057867166 -0.0351623489152874 0.214780367075639 0.116381381817837 0.0554773684039418 -0.0235797387979578 -0.0369148695353579 -0.0650307365220111 -0.0476370445037066 -0.0456992966147758 0.0143791826896645 -0.0611159718359667 -0.0458914274941062 -0.0409246923176591 -0.0439830007881398 -0.0267635221879585 -0.0279666766061353 -0.0550043684474777 -0.0426083979830571 -0.0220227082629526 -0.0342965493568 -0.0559112693105578 -0.0712979417680761
"B73_Z2_1" -0.0493808268022794 -0.0202316963771496 0.0726767112452675 -0.0287126136329644 0.217860970968629 0.120202428830312 0.0347214365767182 0.0958190360082485 -0.033183625208603 -0.0561639012813685 -0.0391031542360024 -0.0472983954771197 0.116691330215839 -0.0604819918600848 -0.0458238471438708 0.0604950613169672 -0.0403460258637744 -0.062914388000059 -0.0337659701742932 -0.0518720166560346 -0.0359470534941035 -0.0180383320370974 -0.00057332623607162 -0.0533997481090229 -0.0635933263054867
"B73_Z2_2" -0.0273251076271851 0.0213542628820425 0.0678789579164091 -0.0269837273079873 0.218389911416326 0.129424739288798 -0.00750458803772052 -0.0395666251237818 -0.039524952385875 -0.0590177179821995 -0.0424234552213273 -0.0505572433793908 0.0898629701184267 -0.05656694001578 -0.0432228943664933 -0.0207321411199882 -0.0328198934714961 -0.0235727535408029 -0.0593222776454094 -0.0584271480614341 -0.0290443845703316 -0.0273315586464906 -0.0487055949943963 -0.0522185038805199 -0.0799366955953672
"B73_Z2_3" -0.0349755701117338 -0.0381357154096311 0.0686607916865481 -0.0301420512292998 0.202706210506435 0.117949734168015 0.0226440884576745 -0.022952192254112 -0.0384705374577676 -0.0636309475134108 -0.0428764598094902 -0.0456142997562716 0.0361706510124373 -0.0616985002139208 -0.0453188010767694 0.0237940454899456 -0.0355087955522851 -0.0344376359782934 -0.0638644699213951 -0.0569777337219815 -0.0372431216857234 -0.0281554656665198 -0.0127015989441025 -0.0571353571866483 -0.0800475382462009
"B73_Z3_1" -0.0537910750155552 -0.0444726131343278 0.0161908307350854 -0.0273722913042628 0.237153217029275 0.128586956963963 -0.0143695308142589 0.0496285991493977 -0.0396579640627843 -0.0571887258008668 -0.0345862391683191 -0.0407754021264301 -0.00399135372317424 -0.0456128112269035 -0.0443965777905395 0.0106892296729573 -0.0432962392878077 0.0337762168300255 -0.0148971066476118 -0.0483771609687842 -0.0195597359087942 -0.0133858005944872 0.0422000988769884 -0.0202668979688513 0.112612690400527
"B73_Z3_2" -0.0435926482627595 -0.00917621016155487 -0.00907588243961018 -0.0317321076454286 0.264362503135292 0.125523824088178 -0.0339820381171244 0.0296422686426432 -0.0355875904830206 -0.0585113364570919 -0.0413566444480326 -0.0439727412312384 -0.0489578056755134 -0.048471001729511 -0.0312062679609368 -0.0440174916528665 -0.0395318847412673 0.106413586233335 0.0865996303945814 -0.0511364703784699 -0.0249770124671806 -0.0208714135832948 0.0490079931166119 -0.0337613359803223 0.0572866964425134
"B73_Z3_3" -0.0373969966958981 0.0836228338977557 0.0593659009243537 -0.0259087484386792 0.256942758656891 0.131787706622522 -0.0521722661326253 -0.0812931125803601 -0.0308438674969637 -0.0551264910067383 -0.0422152363179134 -0.041174028005646 -0.00541014104533395 -0.0514374095876561 -0.0368898804451427 -0.0575070859145248 -0.0243543008448412 0.0911393325755087 0.000490841984108867 -0.0597871953645533 -0.0305732820098384 -0.0291786888771102 -0.0318652738138162 -0.0453747346048602 -0.0746102556728593
"A632_Z1_1" -0.00312365732999895 -0.00940851097640362 -0.112635106931868 0.317600491224689 -0.0342568508702869 0.139021948870424 0.0457830965461988 0.053267439689812 -0.018532784416647 -0.0413482564571069 -0.0222544274153491 -0.0418317058323654 0.00701181568002372 -0.0128045281401708 -0.029415084809745 0.00437326651724371 -0.0281825051224442 0.0465765920305801 -0.00970689591979471 -0.0577832474535601 -0.0237346854091778 -0.0045059934051085 -0.121427892501121 -0.0533555304398454 -0.0201189857829495
"A632_Z1_2" 0.0218893023096221 -0.0398761303265672 0.0291442433052328 0.322433360540108 -0.0343233566782117 0.15005480217415 0.0612659902308614 -0.034393611223 -0.00739302045447871 -0.0447851505932152 -0.0176080466558914 -0.0451772198663591 -0.0150161548350835 -0.0042724348185242 -0.0272093879171766 0.029606482191297 -0.0319174943541067 0.00562143122034168 0.00959010161788419 -0.0559310339407474 -0.014221142948514 -0.00582075728347463 -0.0919808895591331 -0.041116280233697 -0.0127277111343118
"A632_Z1_3" 0.00118229116110941 -0.0472080730064599 0.0892151642460825 0.269853264536014 -0.037326489601334 0.129202347554231 0.0758270763405284 -0.0236836362970508 -6.92760637698874e-05 -0.0506799970381739 -0.0354767168185825 -0.0421801987654037 -0.0517758995106238 -0.0191362213351342 -0.0385370570238454 -0.0394155210191367 -0.0288232493019985 -0.0414799288642777 0.00817623156322387 -0.0565994707467984 -0.0285150485770013 -0.0100135188743183 0.0237964617371723 -0.0415312517870231 -0.0613477101041452
"A632_Z2_1" -0.00975732753235253 0.0776939484069558 0.118957669076967 0.303630040135286 -0.0351890637531595 0.144852436921485 -0.0272092326116208 0.0674791408703853 -0.00812449953371003 -0.0376700059722614 -0.0265638302375272 -0.0428846363589985 0.0166374486525063 -0.0103765087116355 -0.0427367424705337 -0.0128107387427438 -0.0324641432189663 0.0412867396683861 -0.00570131974357709 -0.0606939459516803 -0.0256436105274783 -0.00820363710996628 0.00706559400943095 -0.0457792748455904 -0.0720898504303838
"A632_Z2_2" 0.022306633452243 0.0819511958100156 0.038183625304975 0.329376720073677 -0.0328613648116864 0.154123874098183 -0.0343316516542722 -0.0723036120285632 -0.015165851617 -0.0335502872448233 -0.01803574223541 -0.0455934971619252 0.0722678704267781 -0.00838976495229737 -0.0219867946557786 -0.0263165175776132 -0.0177580540728043 0.043442631396408 0.00648532303017919 -0.0646079807087586 -0.0125340467825309 -0.0100153194505997 -0.126201664642728 -0.0418353710724748 -0.108163024347025
"A632_Z2_3" 0.0023206672975877 0.0638520022978907 0.101279278891551 0.296069233306643 -0.0342461116436704 0.1299542689322 -0.0485308500877856 -0.0829410026758919 -0.0066602693532265 -0.0403634025980478 -0.0306987016175421 -0.0368024068283981 0.0448718183446974 -0.0115576269545601 -0.0397998282315237 -0.043382196719113 -0.0269502052283729 0.032675396639123 -0.0142413806999098 -0.0605347706568882 -0.0295537544795583 0.000628639398239136 0.10566977009917 -0.0312238053565286 -0.0876888947056787
"A632_Z3_1" -0.0131641951992645 0.148166108036826 0.162390446467524 0.32015764368657 -0.0344702961232658 0.139702553495188 -0.0756264511250922 0.058126430978852 -0.0113154837824387 -0.0284497536976062 -0.0315365199125362 -0.0442477571777357 -0.0310861766964629 -0.0132097908297107 -0.0401552338097444 -0.0832794473193953 -0.0315215606434266 0.0689671474563358 0.0159338261850855 -0.0647205411728592 -0.0259163534033905 -0.0112414622606184 0.0184417047407742 -0.0404952390609107 -0.0814514640255023
"A632_Z3_2" 0.021814410195375 0.116155547287471 0.0415387781216595 0.331135260613349 -0.0367651413175866 0.151791353571578 -0.0588251428181136 -0.0747797631513905 -0.0171218385924617 -0.0299094069389253 -0.0214371047075761 -0.0461828015781447 0.0749303179510213 -0.0076854681710299 -0.0263037352258738 -0.0592987679031024 -0.0172544279788039 0.00123158608929022 -0.0729193639358572 -0.0687694651499671 -0.0173937217916343 -0.0166827773044376 -0.136988972190207 -0.0471669829907783 -0.11384506742405
"A632_Z3_3" 0.006552699960524 0.105688811063664 0.141939465265538 0.344980044618627 -0.0333894062549453 0.139290572451852 -0.0755242016567472 -0.105105360851477 -0.0153210847139447 -0.0447567678745389 -0.0313854833914357 -0.038358069758854 -0.0305402882217055 -0.00551640411544748 -0.0315100673168831 -0.0678302128472862 -0.0245879633265165 0.0773458867512481 0.0606738008716384 -0.0596274030740516 -0.0223380129817233 -0.00919004046627574 0.0891038145066507 -0.0263624440696951 -0.0799055269202212
"Mo17_Z1_1" -0.0176169794978145 -0.0941195038416044 -0.0819317968450825 -0.0270113314530039 -0.0360908354287659 -0.0661700754870284 0.158432584558936 0.100439811243597 -0.0162831000072471 -0.0516809234091522 -0.0177091775228518 -0.0580483672946837 -0.0190296239675033 -0.0343709019205886 -0.0236638535408748 0.031264126133601 -0.0413806331234611 -0.074865069825206 0.0067794353988703 0.156053129914839 -0.0129809030869192 -0.0134836215453997 0.0137757552764451 -0.0157033238749694 0.0981972334639137
"Mo17_Z1_2" -0.0179561067334133 -0.133722164875462 -0.138342657480044 -0.0251967879490637 -0.0383027452235086 -0.079546891893499 0.110588251072303 0.129011712471497 -0.0396659534880541 -0.051235637747164 -0.018379840292522 -0.0516349358514109 -0.0773590226480841 -0.0333771117676242 -0.0232568858816855 0.0308332124665443 -0.0287726279913767 -0.0648087124630571 -0.0168107122188036 0.154346521089778 0.00213003952443383 -0.0261775262133433 0.000890282914652383 -0.020166574008783 0.150710560983101
"Mo17_Z1_3" 0.00337864525064634 -0.0339896207173481 0.0474409666616239 -0.02427202616508 -0.051638024455179 -0.0647688612767925 0.048341630544965 -0.00729766836651592 -0.0154824318191753 -0.0433323319058629 -0.0241380945739118 -0.0625041333874135 0.0351713247995859 -0.0401926587179171 -0.0203035548232644 -0.0120417148118304 -0.0304820246026042 -0.0889677642746862 -0.0219742334538751 0.154256858938197 -0.0158369208661964 -0.0254752822980387 -0.0316305484881753 -0.0365728581105719 -0.0789520509971289
"Mo17_Z2_1" -0.0113358105315506 0.0604004822594732 0.0412205980118341 -0.0156759960584892 -0.0402089759565889 -0.058283050357824 -0.0340476007042902 0.0684607903733801 -0.0078600640565975 -0.0409631408133294 -0.0271483001284051 -0.0588949834147022 -0.0550512321766214 -0.0266746725220014 -0.0097942517096918 -0.0784095875261391 -0.0275585550959606 0.0915516145585812 0.0302235676071513 0.165788093916551 0.00342062166511891 -0.0174728240245431 -0.0280246030468575 -0.0126344123145864 -0.0504629380756404
"Mo17_Z2_2" -0.00707289063594942 0.115151211767704 0.0863769358727597 -0.0125053907011354 -0.0419925045581605 -0.0625103690376403 -0.0837841386042089 -0.0621885524176592 -0.0208346191342338 -0.0399923039258746 -0.028379953651532 -0.056788771727674 0.00904204620412796 -0.0280234901516883 -0.0126829581380535 -0.0993506519288575 -0.0152566793261069 0.0173767965241896 -0.0733673630162187 0.151724495763048 -0.014424042900209 -0.0214029462516642 -0.000207359553297929 -0.0273270043227261 -0.115971215059628
"Mo17_Z2_3" -0.00846529969670504 0.0865868042011349 0.099155494808631 -0.00721169529630338 -0.0452699281075954 -0.0610803725165417 -0.0610513695723668 -0.0633798703008015 -0.0237843476908334 -0.0461115340795641 -0.0294074667243854 -0.0546738045000297 0.0771121003388864 -0.0315314252340088 -0.0154931946354735 -0.0346573884029898 -0.0199043483765131 -0.0240428792434148 -0.0523744082608215 0.157239594015291 -0.00899700941967548 -0.0198198338145754 0.0507910848976587 -0.0277144597381814 -0.105268207006118
"Mo17_Z3_1" -0.0167580618232442 0.122809937504788 0.0601130266860717 -0.0221561968321192 -0.0403120878900537 -0.0607803052826246 -0.0653830236655449 0.0569852096731416 -0.0202965247574379 -0.0417818406579957 -0.0303495958870714 -0.0613278339477467 -0.0607107244560735 -0.0302556310278468 -0.00807507353094788 -0.0925676094978668 -0.0226589812079666 0.0527212463934782 0.0826874635731436 0.160137147259797 -0.0143576200034981 -0.0170755511616549 -0.00338157476273464 -0.0140828110490297 -0.0895394278284046
"Mo17_Z3_2" -0.014847357673025 0.171869901780156 0.14921304291888 -0.0150265682394978 -0.0470934399986221 -0.0653853464668813 -0.121474074272395 -0.0767977923132425 -0.0139966260345771 -0.0340261733026024 -0.0318733319808915 -0.0568655113384921 -0.000194353258916254 -0.0196598913791643 -0.0107666394947575 -0.109295376604937 -0.0180420859433151 -0.00437314388219926 -0.0882575051997343 0.157625532141516 -0.0186396866338865 -0.0214043839954916 0.0316092112784129 -0.022080258912177 -0.148869049333188
"Mo17_Z3_3" -0.00858417984823991 0.181781852412989 0.132892198241984 -0.00533696361294105 -0.0415467830010025 -0.0637219098104971 -0.118522456803773 -0.0910154896962194 -0.0176760743753677 -0.0402965077298518 -0.0316865014777157 -0.0602700735877297 -0.0439236008468345 -0.0241832836408584 -0.00998249737772237 -0.107129309314337 -0.023042740719839 0.00813840281993674 -0.0143019957747071 0.163438311765627 -0.0167679645281378 -0.0218926464060876 0.0302293907173877 -0.0169492849275129 -0.122163428585449
"LH51_Z1_1" -0.000803009546678459 -0.0184802120736257 0.00946784362765373 -0.0194862347823836 -0.0436842877170625 -0.0653642388067304 0.0601870020602385 0.0488535917941643 -0.00940200581628741 -0.0510485868529604 -0.019764177105983 -0.0473936114595521 0.0514334552438052 -0.0275409007196537 -0.0230401027339684 -0.00714183484918486 -0.022805455073502 -0.0696942749603892 0.00454782309418337 0.163883953368297 -0.0170253323300707 -0.0188922752673469 0.0998297102123735 -0.0221730416073961 0.0208883409280104
"LH51_Z1_2" 0.00757156228227912 -0.0493705782399455 -0.0491959925709575 -0.0127909137376967 -0.0467603386588961 -0.0742573174951828 0.0534732676201973 0.0590903542269675 -0.0239852289296874 -0.0481193906924808 -0.0155792011650424 -0.0465656653047091 0.0586404161618543 -0.0303169869889834 -0.0216480389726798 0.0491421651858911 -0.0189122415862529 -0.0924750793811538 -0.068305534047695 0.167681303764491 -0.00478206925290884 -0.0300193404360968 -0.107666945636056 -0.0448139350936977 -0.0285207780836862
"LH51_Z1_3" 0.0194329784902132 0.079377327705795 0.0584713241207871 -0.00934676698968902 -0.0429575187521301 -0.0637715410251567 -0.0588934457378262 -0.0637952385719213 -0.0215603653311 -0.0500513378101756 -0.0258546772427521 -0.0444441541167532 0.0570664289704951 -0.0283985961307351 -0.0134397692313475 -0.0719428517218709 -0.00077083992313173 0.00743864271797159 -0.0861326684466884 0.158792218894364 -0.0122835107935505 -0.0143993623998321 -0.0258258540010974 -0.0346052247433424 -0.108491407256713
"LH51_Z2_1" -0.00656817125169967 -0.0418194718393875 -0.00703253022279276 -0.00102333418373444 -0.0314889672951693 -0.0544557294996466 -0.00364712950016885 -0.0608542336384498 -0.0185546642062257 -0.048479585886123 -0.0175641469247943 -0.0389324743017856 0.0666573766975846 -0.0287388399074029 -0.00976186130990459 -0.0423423788362909 -0.0329313129697768 0.0566297331424974 0.0279741769363478 0.160065298411489 0.0129399662137731 -0.0124690945833939 -0.0342408897049489 0.0047058706582817 0.0749129441259142
"LH51_Z2_2" 0.0147429632999987 0.0156472451943728 -0.0723366341220941 -0.0104904825570263 -0.0447518472845414 -0.0606400338974827 -0.0350656354858515 0.0265877086206944 -0.0284826108218433 -0.0475965356759 -0.0147902002102545 -0.0413606305601988 0.0606969558611896 -0.0223916923533042 -0.00697231603414112 -0.0490524529050101 -0.0128126078476708 0.0643955807119976 -0.00298641987404543 0.171388174503409 -0.0132049005164431 -0.0237782199648988 -0.0671216450714863 -0.0205724595936612 0.0333257245336485
"LH51_Z2_3" 0.0157037106418167 -0.0145446276895028 0.0542296776137554 0.00707375407878438 -0.0401387112650151 -0.0585806046284023 -0.057949037482201 -0.0934307501527584 -0.0300147594092186 -0.0489528509913043 -0.0100338892219521 -0.0376875448582441 -0.0286850889668727 -0.0198267942095715 -0.00469569030028661 -0.091388614970948 -0.00793028110301249 0.042638338534867 0.0364349545117022 0.170162230918718 -0.00887168876305251 -0.0229968290413506 -0.0377837308673173 -0.00999292431041233 0.0150487700727982
"LH51_Z3_1" 0.014375732288028 -0.0844045589469915 0.0105061508407833 -0.0103758663220722 -0.040702968644776 -0.0676796477446786 0.082411594520012 -0.0166661621522964 -0.0142201285280761 -0.0526363948142791 -0.0189511391841974 -0.037857062211677 -0.0991880089565556 -0.0286830533693458 -0.0181782202145267 -0.0156924643872413 -0.0170169340993974 -0.0233052975260999 0.012186803918339 0.175542219680219 -0.00934224632407974 -0.0191788878089512 -0.0185321020409666 -0.0190595093339389 0.0316882501113493
"LH51_Z3_2" -0.0034812914690217 0.0179784393809013 -0.0422814215963178 -0.0119611939944053 -0.0447283849757252 -0.0646366307301238 -0.0718534415902412 0.00142293069529494 -0.0315107014106874 -0.0473348424480408 -0.0190263566741383 -0.0408501722012556 -0.0456711674791495 -0.0176700802981894 -0.0044469437259169 -0.0972366758029935 -0.00923913497233559 0.0329985602955816 0.0699572827286925 0.169510709354692 -0.0102221848258464 -0.0253011187709749 -0.0325803888694735 -0.015443925153367 0.0453844322903366
"LH51_Z3_3" -0.00334545954433005 0.17114813870387 0.0372990556830242 -0.0122946457867099 -0.0422425251686741 -0.0624758118783432 -0.0944013988180118 -0.0533910222352759 -0.0201448220693877 -0.0416520405292809 -0.0248044153813149 -0.0436121772531486 -0.00719687172870662 -0.0237275965077867 -0.00140799847935676 -0.098163594549028 -0.00722342545855229 0.0190611131592633 0.062308189436481 0.163642231417191 -0.0206930134739409 -0.0301239760770559 -0.111800605890364 -0.0258066011956191 -0.0758616256883168
"LH52_Z1_1" -0.028935554781301 -0.0526270933688528 0.0408730442495254 0.0161576279185117 -0.0211479059663805 -0.064759698297128 0.0193019972219085 0.116678023783654 -0.0369060870408191 -0.0230311519744104 0.00405015569246448 -0.0532339219393592 -0.0451540361697493 -0.0209404891397643 -0.0092064315724032 0.0526578151285244 -0.0172677291205649 0.0294599195615675 -0.0360338438931344 0.147708703954485 0.00632357363877628 -0.00822057649295787 -0.00723512031783613 -0.0131472177402452 0.0197427612390545
"LH52_Z1_2" -0.0072474741560722 -0.0513360576578887 0.0198630149502839 -0.0275490720305996 -0.0409558787350339 -0.0618613288337722 0.175606046625554 0.114284892967526 -0.0413563282210879 -0.0513531828244939 -0.0236141682119152 -0.058506780276593 -0.00162616646742275 -0.0465897845014421 -0.0327539585278802 0.0898968216757063 -0.0545133436940315 -0.0725703857821566 0.0792123331329532 0.110550260652878 -0.0263737262412063 -0.0325390366800544 -0.0593974165110256 -0.0541743425791037 0.0380581930786794
"LH52_Z1_3" -0.00399600976911545 -0.0765035128543397 -0.0939369837678946 0.00191177775511477 -0.0350836817874873 -0.0752728605975486 0.0361459216507334 -0.0283295380892578 -0.0590567086785315 -0.0331442231719055 0.000909171833861321 -0.0523933444070909 -0.00125948834323011 -0.0222770105838391 -0.0178236792748429 0.0466934028690236 -0.0305449079715991 -0.0595632468950744 -0.0799266893676468 0.150471545760234 5.78811838844928e-05 -0.0108969506794778 0.0894756527165292 -0.00934803831662303 0.0592488919289099
"LH52_Z2_1" -0.0368935295010352 0.0214184344967774 0.0520577928955851 0.0174216882871358 -0.0268787521974027 -0.0611444320870391 -0.0571412218141594 0.0684683321818979 -0.0348960998287256 -0.0227194209160399 -0.00381788485738046 -0.046771908362737 -0.104387597845696 -0.0168204982846816 -0.00574142265853179 -0.0740247693357706 -0.0295569544452055 0.188345810083846 0.133923121111166 0.147619346586062 -0.0142596112005214 0.000553207528569158 0.00139232607203213 -0.00853251683857695 0.0266204515959542
"LH52_Z2_2" -0.00746921100425524 -0.0704105360895087 -0.0728489424879239 0.0184361793827949 -0.0104549144180509 -0.0634425458386802 -0.0275235977790421 0.0175930953013627 -0.0319951059646488 -0.0226739738173296 0.0176480186369241 -0.0371542029211283 -0.0599297031066644 -0.00310022486368985 -0.00138344355982756 -0.0361760627804464 -0.00649366738413635 0.26134237478406 0.102059773996629 0.164276623918611 0.0178864817628425 0.0179241944069269 -0.0261644557409254 0.0147095983815581 0.184309548822835
"LH52_Z2_3" 0.0104711032255189 -0.0369506653223962 -0.0464502097378219 0.021292856693226 -0.012072180663965 -0.0606060801558075 -0.0233270715940028 -0.0545798556986683 -0.030820879295763 -0.0280530381335778 0.0015557854918305 -0.0414484496976381 -0.0354216698950948 -0.0147524028316639 0.00402498589506455 -0.0909041891076924 -0.0223221355231192 0.225008246371455 0.176404919839273 0.152511789384351 -8.23363577276251e-05 0.013947729254613 -0.0608605670977323 0.012337572015822 0.106638317347035
"LH52_Z3_1" -0.0435239504726012 0.0511926725905467 0.0283852338827951 0.0156921173775182 -0.0319400021988817 -0.0672220987496323 -0.0836224225063205 0.0344053786631722 -0.0393664512704153 -0.0225243593343639 -0.0050389326858178 -0.0555782634773589 -0.0347157926600994 -0.0139243031126889 -0.000622642354768563 -0.0860036366760218 -0.0161322951613997 0.0877504404879348 0.0828205984048277 0.146934484253703 -0.0117428210893902 -0.0176919744310434 0.045199273136974 0.00539954404709769 0.0422617650657337
"LH52_Z3_2" -0.00866292615869563 0.081454554180656 0.0132421715939049 0.0150884082558482 -0.0300553238278897 -0.0591893676494077 -0.0837748909530487 0.0145532708675913 -0.0379534891333104 -0.0270640032873197 -0.000735471016547765 -0.0487882705556584 -0.0110156968698602 -0.0178936751678686 -0.00470834719400644 -0.0965943443514741 -0.0251806558291611 0.112032883408252 0.0866420828622025 0.15554781684549 -0.00247677038236905 -0.0076003557801973 -0.0158127561138269 0.00323805230971366 0.0308187729999064
"LH52_Z3_3" -0.00290112576273405 0.08989436453455 0.105738230518968 0.0177984852373255 -0.0347746367873745 -0.0664674076639344 -0.0857034727789105 -0.0838639462330762 -0.0349618720790923 -0.020938588384633 -0.00785287794550803 -0.0558345217040978 -0.000822467243056836 -0.0344576355999235 -0.0123532447324711 -0.0747854668554327 -0.0241048849870935 -0.0126769816079018 -0.102594376085707 0.143995850599803 -0.0171909813709722 -0.0187671371476839 0.025793049297474 -0.0146299116585883 -0.0834483523403244
"E8501_Z1_1" -0.016431299906023 -0.104570449728303 -0.105644923121624 -0.0107360517236577 -0.029094537235726 -0.0469917638364781 0.146432571272899 0.107097788099263 -0.0221163196552935 -0.0510434225154086 -0.0188073624460137 -0.0206068468410059 -0.0399113117745919 -0.011242097382452 -0.00646703373526099 0.150868252730935 -0.0345559773921488 -0.049166617056896 0.0197831122228614 0.0816372827905227 0.345350992354429 -0.0150176788547481 0.0246178367512331 0.025161324095086 0.116329679939617
"E8501_Z1_2" -0.00763832191008451 -0.0970468219023587 0.000529674744800564 -0.0066669824113311 -0.0228752582932697 -0.0355844314562386 0.126442270643025 0.0696526886062212 -0.0121274522885754 -0.0484462338246662 -0.0132028837564667 -0.0223849449116909 0.132837310915276 -0.0166979707156195 -0.0246375317231249 0.0653661400419866 -0.0362891838910174 -0.0785210593888231 0.00271280275711824 0.0814894303537187 0.334642597346276 -0.0075725813373475 0.0747908439154838 0.0207763950687305 0.114121754962276
"E8501_Z1_3" -0.00581634227348833 -0.134445212110885 -0.0347738888146983 -0.0245003408279836 -0.031780666871226 -0.0428482085184763 0.189928379871155 -0.0154242103093175 -0.0055820235491789 -0.0542447511121683 -0.0225370396718827 -0.0241233912058575 -0.176554604045169 -0.0222572769108867 -0.0153213864556311 -0.0515646513369953 -0.0354395888190338 -0.0934704307524665 0.156447896866597 0.0740628519647006 0.275225320281856 -0.010750736803229 0.062956950655378 0.0233618229979179 0.151640596603247
"E8501_Z2_1" -0.00516758870469429 0.0302122013018242 0.0356521608907726 -0.0163643801546289 -0.028112652044507 -0.043419038982402 0.0021325592868624 0.0943486209578309 -0.0166436957989844 -0.0303524342300572 -0.016840475154735 -0.0241881196708377 0.0213872550500078 -0.0127482273568551 -0.00657114511404331 0.00960041754049086 -0.0185500520701121 -0.00483084704559162 -0.0258411027007256 0.0778453685754666 0.303087176517747 -0.0187831588396436 0.00616570252919396 0.0055680222332227 -0.0386132353343277
"E8501_Z2_2" -0.00779558591049106 -0.0844900917385507 -0.0206482523599865 -0.00144327440036778 -0.01471743466561 -0.0359282192516051 0.0227903935803304 0.0350496606103614 -0.0161569388880833 -0.0421078726160386 -0.00680646829280586 -0.0172771833556633 0.16448688353497 -0.00785487480563832 -0.00920672670459078 0.0525575943233153 -0.028328234613778 0.0463448560571711 0.0795585638293822 0.0854195141572885 0.351833445849072 -0.00510115647255097 0.111640083776905 0.0341729738170501 0.13522518672681
"E8501_Z2_3" 0.0112078340570465 -0.0127490672876782 -0.00818599234005564 -0.00919543584382462 -0.0272440041512313 -0.0352024962118898 -0.0151897512592935 -0.0470404554495974 -0.0215788852095588 -0.0315951159672296 -0.0107862164874095 -0.025860564872968 0.083131243559594 -0.0105170883300902 -0.00257480196810407 0.0118289866207326 -0.0205750549549189 0.0147955400624691 0.0241921731888829 0.0816471796865456 0.320181111601189 -0.0192203699741657 -0.0590507891260383 0.0174536606667373 0.00762663932469118
"E8501_Z3_1" -0.00936063141293686 0.043736920172808 -0.0238833973977219 -0.0143495205804013 -0.0156536637865365 -0.0237303910383841 -0.0407140166722698 0.0328541853509466 -0.000593205681738108 -0.0264846517753298 -0.00554285238602099 -0.0225482075605929 -0.10615931421885 -0.0106912115256997 -0.0093129352926603 -0.0886865326822004 -0.0229588258441708 0.183284317696145 0.127452861808831 0.0799485068986342 0.31525627336211 -0.00987583376403376 -0.0315966989822581 0.0381939675117075 0.117408231210287
"E8501_Z3_2" 0.0210646242740695 0.0716763396680556 0.0144529320160825 -0.00616296915982526 -0.014568254360098 -0.0281824207456891 -0.0056296216974514 0.00189435084779578 0.00716229184020165 -0.0348196782647664 -0.0121147646266897 -0.0231304529725431 -0.0626486533321626 -0.00926447230777287 -0.00838055929930777 -0.0335885511856664 -0.0208602794757202 0.192428654373721 0.183122920072808 0.0784692678062557 0.303032737523111 -0.00368562663998617 0.0153880204830758 0.0485094274436119 0.109551561488649
"E8501_Z3_3" 0.0172306459351719 0.121543902667567 -0.00165436500368643 -0.00103717259822377 -0.0268500870844531 -0.0422690374715 -0.0519682024676382 -0.0559962649714898 0.0029812469987029 -0.0194180230567657 -0.016685431335556 -0.0206837162532538 -0.0763179877097224 -0.0102225575948079 0.00841254369526965 -0.0775079239097126 -0.0118310447212465 0.149848563611962 0.132782554875887 0.0775970178381183 0.334323931090027 -0.0179597489160182 -0.0981629119630999 0.0203561049479995 -0.0263446720673514
"LH93_Z1_1" -0.000175911344831269 -0.112014945390603 -0.164905986469152 -0.0395427952530482 -0.00381437472320873 -0.0220222956009377 0.186615574186959 0.0936183066633535 0.00673014767548779 -0.0346841676914311 -0.0018986353868222 0.0128920229577933 -0.00957315552824207 -0.0146874858132781 0.297361907475835 0.0344583176965717 -0.0173039097212228 -0.09477410551068 0.115931682155091 -0.0142749421871255 -0.0107438996659908 -0.00673828509038353 -0.101761600853251 0.00883983336576043 0.104487164766519
"LH93_Z1_2" -0.000567927235418333 -0.0434521876303382 -0.0394485225369361 -0.0237518122701002 -0.0031678700509658 -0.0239622907153304 0.073334447560617 -0.000867861357807979 -0.00508961217482605 -0.0244118873101125 -0.00526216739190196 0.0135544059096707 0.0715859876416712 -0.0161646473747709 0.317020506220286 0.0927704335289208 -0.0164424721537019 -0.0790794021718729 -0.0441654517893841 -0.0177850955201087 -0.00400503381753431 -0.0162063339974744 -0.0669534166908003 -0.0181944731717839 -0.0590596435658308
"LH93_Z1_3" 0.000875262669721846 -0.0716686098917273 -0.0682011508889659 -0.0351862770286409 -0.00734420457080762 -0.0186924593435759 0.12097546568887 0.00155534435868098 0.000134241283895696 -0.0368863908067421 -0.00906523689882476 0.012302962157215 0.0485361991293848 -0.0182608464431598 0.298665660408521 0.132331950667131 -0.0207113688004852 -0.0931794855303334 -0.0155307752755359 -0.0133503610470857 -0.00884245960975975 -0.0192144812132479 -0.0377112813518037 0.0070380398891417 0.0087001841125497
"LH93_Z2_1" 0.00361378435328553 -0.0462728360158978 -0.14612575263643 -0.0297241607138275 -0.00775366406325762 -0.0106011965644824 0.0372003667127863 0.0828613638609613 -0.0082197991795761 -0.0293769493145178 -0.00145867760310866 0.0195359870760663 0.197528630586904 -0.0150055116844196 0.31592904453639 0.210988938866836 -0.0138524517246455 -0.0605306525861863 -0.0861997395750054 -0.0116606919585312 0.00159971508763988 -0.0121383659879001 -0.101465453681717 0.00131377695572605 0.0548662194369457
"LH93_Z2_2" 0.00933418115986871 0.0570951831100471 -0.0330858009152963 -0.0178454609792526 -0.00547424538135315 -0.0152411755600852 -0.00159567479868196 -0.0478245495237496 -0.0151667655872634 -0.0222422878416571 -0.00696541327445205 0.0126275402737092 0.0956678274617075 -0.0167690987204229 0.302701142565241 0.124253256433051 -0.0162952278710957 0.00544869311958582 -0.0118433560415757 -0.020893092881486 -0.00274209982399483 -0.0143674427340071 -0.114951922098124 -0.00943963700147477 -0.102010716655376
"LH93_Z2_3" -0.00602232001780694 0.00439648297750121 -0.00657275845613066 -0.0245880010030912 -0.00106820589242278 -0.0153416396433591 -0.0197064224283784 -0.0825117056939251 -0.0134674975187045 -0.0266562245097469 -0.00698713410262177 0.0202804295913188 0.068011274845851 -0.00183606633512949 0.335004184799559 0.163276812165848 -0.018587738903466 -0.0245768090132708 -0.0743950806056605 -0.0154034229005315 -0.00210395658978901 -0.012242900181239 -0.0445670110986607 0.00431597149115082 -0.0443003716956187
"LH93_Z3_1" 0.00829472806343417 0.00462807850527964 -0.151369370146129 -0.0255956791723896 -0.00278784756889197 -0.0120812735622885 -0.0424470702879702 0.0387167876105683 -0.0213234776782181 -0.0269534380984568 0.00169142280533936 0.0248602403352676 -0.0649451516490924 -0.0067451994236645 0.328987119940695 0.230293571670251 -0.0108641576014981 0.00802857251376572 -0.0688957796913194 -0.0140419838206224 0.011339981544075 -0.02222365336625 -0.117441371519688 0.019259611032221 0.0688454051724185
"LH93_Z3_2" -0.00471728430880815 0.0398385561034544 -0.194947026734492 -0.0209984306025418 0.00596877868072512 -0.0232583167045874 -0.081615561442437 -0.0752404891813562 -0.0292019101996669 -0.0212001044536684 -0.00587573818796791 0.0302015576256777 -0.0574056608816701 0.002141583865406 0.345729280620721 0.142835083795253 -0.000766230002354205 0.0340056494226223 -0.0759783165084333 -0.0113497154750971 -0.00328642842921028 -0.0127862327251704 -0.0891345276975877 0.00549040104896011 -0.00860470589431623
"LH93_Z3_3" -0.000837503082870694 0.0796183301813393 -0.0612160377121977 -0.0276416726275001 -0.00287954727722284 -0.0179104583526991 -0.0272084938570064 -0.072112822881689 -0.0204499811252091 -0.0231644569612642 -0.0148477123669701 0.0171244547272167 -0.0164994686541648 -0.0144591944354419 0.320732191030246 0.119884990651124 -0.017286905323963 0.00652459249026154 -0.0425415500170519 -0.0174291380098333 -0.00956607207853539 -0.0174833078024881 -0.0986770778562098 -0.00546970379604137 -0.0634212979416595
"PHJ31_Z1_1" -0.0227853220853126 -0.0215045090231245 0.0338265401963121 -0.0178531238724213 -0.00774236124966514 -0.0394213966595531 0.0918470578549751 0.0959816823783662 0.00876815946515806 -0.0266063478328075 -0.0188011978577776 -0.012153180075491 0.0467815595569511 -0.000868459329759935 -0.0201370003811953 0.0191966040069084 -0.00133335160942163 -0.0577757105209686 0.0333984454313183 -0.0152115603228421 -0.0290368919392615 0.258965479255676 0.0125074470260568 -0.0215702812819318 -0.0733857095620792
"PHJ31_Z1_2" -0.0288399560883435 -0.134599977443624 -0.0769150143692686 -0.0106125225944782 -0.00756880513665331 -0.0433227512208972 0.191509640584462 0.0480170619736861 0.0189859946016635 -0.0405822616660554 -0.0180376653185652 -0.0169780433832826 -0.0597468216502214 0.0159190357089555 -0.0103593884601326 -0.0149154774077604 -0.0255506959798003 -0.0710604333062841 0.0972390251855622 -0.00935288951181579 -0.0337508844911656 0.313522471615194 -0.0304099299399194 0.00611194698433188 0.159613812481618
"PHJ31_Z1_3" -0.0266243866534061 -0.0826588465765992 0.0667394477516973 -0.00860909211664299 -0.0102770245797862 -0.0395955886253192 0.112114692999867 -0.052769645409643 0.00479427412762444 -0.0346431561168692 -0.0287711552069677 -0.00665601684254808 0.0566869283533601 0.0107741353036296 -0.0142925526220529 -0.0205660298237466 -0.0121013798129242 -0.0949051184997568 0.0614595695497717 -0.00585794430233643 -0.0297329002064234 0.295804749019954 0.1868898589068 0.0248338958857787 0.0191027729016382
"PHJ31_Z2_1" -0.016650241555995 0.0590628318274896 0.060789328443631 -0.0151095909731204 -0.00145504684031858 -0.0358062368081218 -0.0115457242228104 0.0708223917170676 -0.00999027894995859 -0.01555649778296 -0.0105226121551373 -0.0126832844374593 0.0312420263385244 0.0127954768376721 -0.00742237775938264 -0.0394307333330596 -0.000646234248128737 -0.00606395550049026 -0.0708627742309674 -0.0174964313943665 -0.0304506758608875 0.307740409706191 0.028036322234003 -0.0138642270457751 -0.0691936529338303
"PHJ31_Z2_2" -0.0103681734090395 -0.0685583784133348 -0.0262942954425232 -0.0105882538117811 -0.00653524588758543 -0.0261653932678218 0.04364522881682 0.0364925501323318 -0.000985446539306007 -0.0371110286666277 -0.0106779425207585 -0.0179538703845085 0.178960467637561 0.0252244089242297 -0.0112259167369462 0.0191849211186102 -0.0089428064735947 -0.0565237409234671 -0.0671545477524687 -0.0132068018469809 -0.0216759419125767 0.31659727099164 0.0309058074507119 0.00461722791121569 0.0836630379790508
"PHJ31_Z2_3" -0.0129924265853885 -0.0474208767919349 0.0375180268272299 0.00660780055151544 -0.00368697110236012 -0.042814667751517 0.047574866850073 -0.0748432323871127 0.00209873993422392 -0.027647142322108 -0.0100716547179014 -0.00962254853037526 0.127050980263789 0.0244114806634587 -0.00354281196404991 0.00622831741665046 -0.00270329963681836 -0.0745132756583846 -0.0435143934983971 -0.00869474033408226 -0.0195411554085715 0.342690529027778 0.144556761167077 0.0263105597506565 -0.00850837212632952
"PHJ31_Z3_1" 0.00344101482238096 0.000556394589092672 -0.0251498669603697 -0.00621726016202701 -0.00108442285713133 -0.0261613744165111 -0.0130926388133076 -0.00987401363683486 0.00752091406188418 -0.027588253344701 -0.00332846960770194 -0.0121400744498557 -0.0666659448531594 0.027302646679073 0.000274940264143885 -0.0515507934977878 -0.00543752319601271 0.0756083617641801 0.0673989140167069 -0.00871894047998757 -0.0203342575734882 0.355055435400872 -0.0525901188715517 0.0170500298185147 0.0848244847398639
"PHJ31_Z3_2" -0.018092258421882 0.00136883651629702 -0.0890556200076641 -0.0123239965360301 -0.00293134289926657 -0.0400284960782938 -0.0849984304206224 -0.0945762826217284 -0.0133738984251946 -0.0259662253274241 -0.0125650646996498 -0.00480218885926268 -0.0264711591599208 0.0209295821631564 0.000646906032527768 -0.0738794147768907 0.0130680553959754 0.101202157050893 0.011949813040228 -0.0117903896803784 -0.0273268309697401 0.35401251016176 0.039517506556808 0.0097569223751485 0.0190988376462852
"PHJ31_Z3_3" -0.0148581772065084 -0.0485480651362135 0.0353583006803275 -0.00981861281894021 -0.00415758719295737 -0.0363422684463223 -0.025008526780143 -0.103204373596244 0.00275220292749545 -0.0223930252223781 -0.0170956805778059 -0.00893521020875319 -0.00356982655038312 0.0261164620907075 -0.00627388025102442 -0.0803815039434386 -0.002591827871503 -0.0355572788527723 -0.0353734312838769 -0.00388629141151683 -0.0266139783903306 0.343816035777335 0.171605182444815 0.0448823396144775 0.0243690237230902
"PHW20_Z1_1" -0.0162747334253657 -0.109015508672945 0.0497134324166198 -0.0306571776327611 -0.00702397591782729 0.00518749668249729 0.136720868323715 0.107170132047293 -0.00427487428454345 -0.0361994971863386 -0.0187522805977882 -0.0143096052311215 -0.0797177112744105 0.249449005620646 -0.00734518380155824 0.0129129152069857 -0.0162612412221484 -0.118503653008651 0.0982580289733779 -0.0187209936735561 -0.0102296696757144 -0.0243034464478706 0.0782462575389368 -0.0255485162453183 0.0750468484690448
"PHW20_Z1_2" -0.023462348250649 -0.0604240382416061 -0.126493311423014 -0.0222647894611626 0.00827470925618857 0.00147127901872983 -0.00646714860287863 0.0343727844771502 -0.0323478272891248 -0.0303854085578091 -0.0102688912770663 -0.00464020536293009 0.0309505110869487 0.322087677003918 0.0162585398562407 0.110058890504285 -0.015339608730383 -0.0294016253964609 -0.0906993118007818 -0.0199325145711904 -0.00399421292880116 -0.00935071235927033 0.00739027283914353 -0.0398881371005793 0.0342567167116397
"PHW20_Z1_3" -0.00226169819206593 -0.113502968806203 -0.0366079915559582 -0.03710069293649 0.00478195250246045 0.0114025420622961 0.131578808569945 -0.0467367971618378 -0.0142260681110838 -0.0439188990354284 -0.00636840141885583 -0.00603939502803335 0.0560837872268504 0.275172975208125 0.00920877179650042 0.119866446498644 -0.0371069083393195 -0.0214120016921415 0.298524159700942 -0.0168699129753435 -0.0187520448569451 -0.004059796607571 0.0735619045012925 0.00681134700679205 0.156328971551848
"PHW20_Z2_1" -0.0276797921410589 -0.0247443336419879 0.0333133192164011 -0.0194782798093376 0.00205350640543907 0.0116381416005233 0.0176465247782768 0.100996635589653 -0.0114167253318809 -0.0261904285706335 -0.00652433168327668 -0.0215717917178662 0.0867032203283558 0.301378597278387 -0.00369902027403719 0.184760772805107 -0.0224643285215689 -0.0626831774011084 -0.0504225741821221 -0.0220901116804565 -0.00402220451920903 -0.0208498401770602 0.09397718353293 -0.0133416426887271 0.0448321899420673
"PHW20_Z2_2" -0.0191466485957091 0.067964864502163 -0.11332061918283 -0.0229014076136779 0.0158974319732169 0.00560402064743684 -0.0914571955892597 -0.0382645213671982 -0.0270288740600026 -0.025543062927569 -0.00602684886187079 0.00360148431247787 -0.0308454384782138 0.340004866968383 0.0262737315993904 0.0849019432893521 -0.00821602176658771 0.116642174844588 0.0151909879062342 -0.0196150854442939 -0.00548870184311025 -0.00931240597633374 -0.000387858330173174 -0.0276909902267221 0.0410643281756784
"PHW20_Z2_3" -0.0097143741488977 -0.0427476287922115 0.0313422167708918 -0.0256555026598408 0.00556178899890374 0.0183372000108372 -0.00378828684579616 -0.0806878881525135 -0.0323959800933218 -0.0353154171012872 -0.00336070532308829 -0.00401302483318611 0.169897937621676 0.324741680958554 0.0130203509370939 0.139214903922149 -0.0234863109620509 -0.0511195506605731 -0.0289403049280052 -0.0258850706217726 -0.0072424449793621 -0.0117895702564788 0.0292505159440969 -0.0195904719789042 0.0225384577354023
"PHW20_Z3_1" -0.0132509931855287 -0.0028840753470511 0.0554183184970428 -0.0172961752343788 0.0093616322649541 0.0174453742621104 -0.0692985221361057 0.0278562678334169 -0.00706209218435003 -0.0215566836399618 -0.000116308672622928 -0.00782126848265913 -0.0965478530875135 0.328132438428031 0.0127494481327814 0.176397842395883 -0.0212071277828733 0.0623369719861281 0.0337615602259077 -0.0269039544018699 -0.0070518529261835 -0.00962938470793054 0.0916710086546134 -0.00164705684627488 0.0662511072750412
"PHW20_Z3_2" -0.0221224906808215 0.10289052464662 -0.063842524015154 -0.0252394681346957 0.0072162366908042 0.0108353162177073 -0.13213341307388 -0.0634162173710709 -0.0355541509615218 -0.0268681748700201 -0.0109759316781119 -0.00306818170958106 -0.058238407190428 0.332667145940219 0.0147270344089633 0.0636463088049166 -0.00517561185583225 -0.0233399136107118 -0.0960479119266419 -0.0218926685818584 -0.0139422478437632 -0.01841406858026 0.0104413718820767 -0.0359110116293211 0.013094286770039
"PHW20_Z3_3" -0.0174418502117082 0.0326242318356224 0.053189048907914 -0.0249406945214808 0.0134549157599934 0.0132818684363341 -0.0891971573586346 -0.118927175835831 -0.0289429840894206 -0.0258014893506139 -0.00432634067441892 -0.00377567617854524 -0.0517125322450442 0.353454663224095 0.0269920495953147 0.185889079697914 -0.00932915680654425 -0.0257605826583823 -0.0238907559512906 -0.0321006364965747 -0.0120343374275641 -0.0127692833501544 -0.0139413322699099 -0.0267856799202479 -0.00199404404833718
"W64A_Z1_1" 0.000910184925832858 -0.112371469739619 -0.102221484579942 -0.00426768241675929 0.000314452344765659 -0.0332434367354756 0.0926541938633764 0.0883042095171863 -0.014793893222889 -0.0399359273045277 -0.000769555881820247 -0.0333287074111624 0.0223509978881447 0.000718747542749018 -0.00853121227675419 0.0319974336592473 0.29678550359942 -0.0753705158061928 -0.0180759219680345 0.0321332932615452 -0.0194385550231986 -0.0213620257845948 -0.0607120131820084 -0.000987692767730349 0.0934242607060018
"W64A_Z1_2" -0.0149689194284806 -0.0832432925021042 -0.10050867940614 -0.000348346009377209 -0.00108966374344931 -0.0352188006680056 -0.0476980444652138 0.0104492780894532 -0.018859887010163 -0.0260888060124415 -0.0106560530194199 -0.024946635347437 0.0591072796780069 0.0122622639371269 -0.00349896247323379 -0.0597305987930306 0.349636391320001 -0.0489537620344607 -0.13061106744309 0.0332165658653543 -0.0157425408017393 -0.0153660430532482 0.0332812471305413 -0.00779789364145037 -7.83317480687867e-05
"W64A_Z1_3" -0.0121160941228467 -0.0598886548721001 0.015319539027863 0.000856053447018686 -0.00393483883740251 -0.0267715799303412 0.0203551462228025 -0.0354443927921539 -0.00392251034975446 -0.0339841792994668 -0.0128019959660774 -0.0392064498714455 -0.0114561469771152 0.0041478814305549 -0.00517462386695486 -0.0232007070993383 0.305947446833428 -0.0545522049064925 -0.0550324323408857 0.0344669930257366 -0.0263339051121287 -0.0125099999706858 0.0715243732312137 0.00444112799714555 -0.020886525737658
"W64A_Z2_1" -0.0233655475111012 0.0128507911297659 0.0176662117828683 -0.00536385191374275 -0.00133360477261341 -0.0266522880093903 -0.0737397292705873 0.0886016209015585 -0.00719356449089093 -0.0199668016085652 -0.0141007758979737 -0.0315883915472711 -0.00864163772940107 -0.000533133957590385 -0.00488145188287001 -0.133481582078133 0.30251289984977 0.00577015724349861 -0.0787328806870748 0.0268192913527459 -0.0248863872063251 -0.0110462712783964 0.0713936109496622 -0.0107599048832377 -0.0782096391409008
"W64A_Z2_2" -0.0148472812788033 -0.0064609667314422 -0.0925410256218568 -0.00460615985366353 0.00243926431879562 -0.0323778023025481 -0.110537235023262 -0.0467392863149895 -0.0155854939107329 -0.0313723937185386 -0.0124536485423031 -0.0214705362329575 0.0949537502227261 0.0142270457382982 -0.00535315498588221 -0.131544070008319 0.327948149010286 -0.0284937623746238 -0.150676792553666 0.0289680166731864 -0.0313461125034367 -0.0215716177595924 0.0425681979401321 -0.0111045754263112 -0.000887169431960601
"W64A_Z2_3" -0.0167472855445933 -0.0175899692863309 0.00975476511626173 -0.005455220868888 3.52633330604087e-05 -0.0223007291982477 -0.0401138612307445 -0.0589294145593842 -0.0194581099282737 -0.0254618739455743 -0.0142124947991079 -0.0390442084927736 0.0941660423284425 0.00821003044561749 -0.00285983392526027 -0.097562396737649 0.310796120385754 -0.0245339044382309 -0.0629422119144179 0.0329927974986827 -0.0187841035259705 -0.0150561015312758 0.0338833248464949 0.00349577657937755 -0.037798629903375
"W64A_Z3_1" -0.00179128757090835 -0.0135095342458093 -0.0791520646548089 0.00391567962005512 0.0079738610800516 -0.0224638241234712 -0.0686821601923367 0.0183615363559981 -0.0196291536126978 -0.0301653420957477 0.0068953770115245 -0.0278122653123947 -0.0265102643563029 0.0179340598850637 0.00796629623512732 -0.0881776867621584 0.333826958079801 0.0758633660914369 0.0400007289185458 0.0373937005969003 -0.0221269560408479 -0.0125766204042173 -0.0618434281180412 0.0300884189165945 0.0770860441610545
"W64A_Z3_2" -0.0200021417459535 0.00657463943375848 -0.070512479196049 0.00672126932958265 0.00378331220514234 -0.0324802441956716 -0.130186154358569 -0.0681436790144958 -0.0188959601562721 -0.0364161224267975 -0.0111280810952245 -0.0236472952960452 0.0268883301603846 0.0171943721945356 -0.00514592276593546 -0.11803614299685 0.331526765808216 -0.0340646045647565 -0.13950603976314 0.0372119473436895 -0.034784137512655 -0.0218030689292074 0.102337209603511 0.0166084008529905 0.0404850999283779
"W64A_Z3_3" -0.0240690408679747 0.0140994214104715 0.0109220319554227 -0.000695798261064602 0.0115066132807687 -0.0277250199135722 -0.0856217240495725 -0.0864855453176821 -0.00157011654467133 -0.0219634643774851 -0.00851614510294097 -0.031058578856795 -0.00958347016093424 0.0183076845148443 0.000412351536833038 -0.110209024189584 0.311947090617438 0.132747890572561 0.0742851010882818 0.0356084024363296 -0.0304055535555984 -0.0124182036250735 0.0247291950329106 0.0171902185733719 -0.012205617034395
